control branch bit logical arith datamov
0 2 0 7 0 48 
0 1 6 9 15 66 
0 5 7 0 2 129 
0 2 0 6 0 34 
0 1 0 1 3 42 
0 34 0 64 32 358 
0 152 0 60 0 1670 
0 0 0 2 4 24 
0 5 0 0 0 12 
0 4 2 5 4 63 
0 0 0 6 0 16 
0 3 2 2 0 87 
2 4 0 0 0 62 
0 20 1 13 152 189 
0 4 4 2 16 114 
0 1 0 0 2 12 
0 101 101 101 0 2034 
0 4 5 0 73 192 
0 3 6 19 116 431 
0 0 0 1 0 14 
0 6 2 0 6 86 
0 3 3 1 6 81 
0 210 0 0 460 1920 
0 1 0 4 4 20 
0 222 10 47 895 605 
0 4 1 0 2 53 
0 1 0 3 0 22 
0 73 1 28 1123 176 
0 0 0 0 0 18 
0 15 10 4 22 54 
0 1308 2067 718 2744 2700 
0 3 1 0 0 54 
0 4 1 0 0 41 
0 3 6 0 3 133 
0 3 3 0 41 160 
0 2 4 0 0 132 
0 2 4 0 0 138 
0 3 0 0 0 48 
0 2 0 0 0 38 
0 2 2 0 0 70 
0 2 3 0 6 75 
0 15 4 3 0 216 
0 1 0 1 4 17 
0 4 4 0 6 83 
0 2 2 0 0 56 
0 1 1 0 1 46 
0 1 0 0 0 0 
0 2 4 0 6 114 
0 4 0 0 0 72 
0 1 0 2 14 44 
0 292 341 106 548 734 
0 12 0 0 20 116 
0 0 0 0 0 0 
0 3 0 6 0 52 
0 0 0 0 0 6 
0 1 0 2 0 22 
0 7 9 12 32 306 
0 68 2 7 155 216 
0 6 0 1 0 42 
0 2 1 2 5 52 
0 12 0 0 4 150 
0 2 0 5 4 65 
0 10 0 1 6 57 
0 2 2 1 6 149 
0 3 1 4 0 27 
0 3 0 2 2 40 
0 3 0 1 0 20 
0 3 0 4 2 34 
0 4 7 0 0 87 
0 3 3 0 0 64 
0 4 3 6 8 87 
0 4 5 3 94 245 
0 0 0 0 4 20 
0 8 4 0 0 149 
0 3 2 4 0 68 
0 28 4 34 239 377 
0 7 4 6 24 144 
0 5 0 2 18 62 
0 2 0 1 0 18 
0 7 13 4 3 210 
0 5 0 2 2 50 
0 5 0 0 0 17 
0 1 0 0 0 18 
0 5 2 4 21 175 
0 0 0 0 0 0 
0 3 0 0 4 28 
0 2 2 0 68 108 
0 3 0 2 8 25 
0 0 0 0 0 16 
0 1 6 1 7 26 
0 46 40 46 130 198 
0 1 0 0 0 12 
6 46 14 20 48 750 
0 0 0 0 0 125 
0 8 2 16 0 133 
0 1 0 0 0 16 
0 15 3 0 65 210 
0 3 0 3 0 40 
0 20 1 11 96 16 
0 11 2 0 30 178 
0 1 0 0 0 6 
0 2 0 0 0 18 
0 5 2 1 0 80 
0 1 2 2 15 85 
0 1 0 0 0 22 
0 2 5 1 24 106 
0 1 0 0 32 102 
0 1 0 1 0 16 
0 2 2 9 6 50 
0 2 0 0 8 10 
0 27 6 12 48 265 
0 1 0 0 0 8 
0 3 9 0 10 49 
0 1 0 0 12 40 
0 0 0 0 0 0 
0 0 0 0 0 0 
0 8 1 5 144 321 
0 22 2 9 42 320 
0 14 0 1 0 25 
0 1 1 2 0 34 
0 416 1 209 2695 7501 
0 1 2 1 2 16 
0 5 0 1 0 52 
2 5 0 1 5 34 
0 3 0 0 12 64 
0 4 8 0 48 302 
0 2 0 0 0 17 
0 0 0 0 0 0 
0 1 0 0 37 81 
0 6 1 2 2 72 
0 10 1 0 0 58 
0 0 0 0 0 0 
0 12 6 9 17 40 
0 4 2 0 0 46 
0 0 0 0 0 0 
0 3 0 4 0 40 
0 2 0 1 2 35 
0 0 0 0 0 0 
0 0 0 0 0 0 
0 2 34 17 0 42 
0 3 1 3 0 122 
0 112 22 46 965 413 
0 3 1 0 6 111 
0 5 16 6 4 63 
0 6 0 0 0 52 
0 4 2 0 18 161 
0 0 0 0 0 0 
0 4 5 1 2 105 
0 1 1 5 4 30 
0 1 3 0 2 28 
0 68 342 62 894 656 
0 12 2 5 16 78 
0 39 0 42 0 526 
0 59 27 28 93 208 
0 0 0 0 44 115 
0 3 4 0 0 70 
0 1 0 1 0 20 
0 6 0 0 68 180 
0 4 4 0 3 257 
0 2 4 1 18 112 
0 5 6 1 4 300 
0 58 11 9 34 642 
0 9 2 4 16 90 
0 33 10 0 52 501 
0 160 118 60 334 504 
0 1 0 3 0 38 
0 5 10 0 12 38 
0 70 3 17 590 110 
0 98 16 288 0 1648 
0 68 342 62 894 656 
0 112 678 144 938 1193 
0 108 678 144 938 1193 
0 22 5 66 0 448 
1 4 2 8 0 115 
0 1 0 2 0 33 
0 4 4 2 5 25 
0 7 72 45 24 398 
0 5 0 0 5 50 
1 2 2 3 0 50 
0 7 3 2 10 49 
0 1 0 5 3 24 
0 8 5 0 8 178 
0 100 0 120 0 1407 
0 13 0 1 34 21 
0 2 0 1 0 8 
0 4 0 1 0 30 
0 1 2 1 6 117 
0 19 3 3 85 30 
0 3 0 0 24 73 
0 2 0 17 153 567 
0 3 3 2 4 80 
0 5 3 6 32 183 
0 3 4 2 0 76 
0 1 0 0 0 34 
0 2 2 3 13 99 
0 39 8 16 100 312 
0 2 0 2 4 40 
0 21 2 2 95 30 
0 0 0 0 0 0 
0 37 4 5 178 46 
0 65 6 7 236 233 
0 7 0 10 0 88 
0 2 0 0 2 29 
0 2 0 0 0 12 
0 1 2 0 64 171 
0 2 0 0 0 8 
0 40 7 7 205 98 
0 3 0 14 0 64 
0 3 0 0 0 32 
0 2 0 0 0 6 
0 21 1 6 89 13 
0 4 0 1 0 36 
0 1 0 0 0 0 
0 2 1 0 3 35 
0 3 1 11 20 60 
0 2 2 0 2 79 
0 4 1 0 0 28 
0 4 6 0 0 141 
4 5 0 0 72 283 
0 1 0 0 0 0 
0 1 0 0 0 0 
0 1 0 0 0 0 
0 4 0 4 0 31 
0 3 0 0 0 22 
0 12 1 0 0 156 
0 29 8 15 76 265 
0 1 0 0 0 20 
0 3 0 2 4 79 
0 13 13 1 56 809 
0 2 0 0 0 22 
0 56 4 6 31 388 
0 5 9 8 5 89 
0 4 2 3 0 66 
0 7 3 3 42 127 
0 2 0 0 0 6 
0 1 0 0 0 0 
0 3 0 0 0 18 
0 1 0 0 0 18 
0 0 0 0 0 28 
0 4 0 0 0 8 
2 4 0 0 0 32 
0 4 0 2 8 24 
0 2 0 0 0 32 
0 197 314 130 827 785 
0 2 2 0 37 101 
0 791 0 0 1632 5514 
0 2 1 5 0 49 
0 0 0 0 0 0 
0 1 0 0 0 0 
0 3 2 8 10 101 
0 8 1 0 16 69 
0 0 1 0 0 3197 
0 6 0 0 0 46 
0 1 1 4 0 120 
0 36 2 0 8 286 
0 0 0 3 0 17 
0 1 0 1 0 19 
0 2 0 0 0 8 
0 4 0 3 6 33 
0 5 0 5 0 42 
0 11 4 6 18 27 
0 6 2 6 18 110 
0 4 2 0 1 46 
5 12 0 0 10 134 
0 5 0 3 2 36 
0 2 8 0 13 40 
0 8 0 8 0 106 
0 14 180 38 117 192 
0 4 1 0 8 2079 
0 1 0 4 1 24 
1 0 4 2 4 14 
0 158 0 24 48 1494 
0 302 72 336 96 3366 
0 158 0 168 48 1506 
0 5 2 0 7 32 
0 5 2 0 7 32 
0 4 0 1 0 32 
0 2 0 1 0 30 
0 9 10 8 182 675 
0 1 0 0 0 0 
0 0 0 0 0 70 
0 1 0 0 0 12 
0 0 0 0 0 0 
0 0 0 0 0 0 
0 0 0 0 0 0 
0 0 0 0 0 0 
0 0 0 0 0 0 
0 2 0 4 0 39 
0 0 0 1 0 20 
0 13 16 8 16 37 
0 4 0 0 0 24 
0 0 0 0 0 0 
0 4 4 0 0 88 
0 4 0 2 0 40 
0 44 25 11 151 71 
0 4 0 0 0 26 
0 4 0 1 0 21 
0 8 1 26 85 252 
0 6 0 2 8 40 
0 1 0 3 0 12 
0 1 0 0 0 10 
0 7 2 3 0 88 
0 6 4 3 6 106 
0 6 3 14 21 247 
0 4 0 0 1 26 
0 8 2 1 0 135 
0 3 0 1 0 20 
0 5 0 0 0 26 
0 40 8 14 6 504 
0 3 0 0 0 33 
0 3 0 0 0 38 
0 76 83 62 356 1738 
0 14 8 12 0 222 
0 5 1 0 0 63 
0 1 0 0 0 24 
0 2 0 2 0 28 
0 2 0 4 0 16 
0 13 2 35 42 146 
0 447 0 0 0 6265 
0 1 0 0 0 0 
0 1 0 0 0 0 
0 2 0 0 2 11 
0 83 11 142 144 1358 
0 4 1 2 23 112 
0 84 59 37 290 703 
0 1 0 0 0 0 
0 5 1 9 26 123 
0 10 17 0 18 512 
0 118 0 116 242 1333 
0 31 5 22 452 1437 
0 2 0 0 0 38 
0 3 0 0 0 23 
0 4 0 2 0 34 
0 1 0 0 0 0 
0 5 84 16 2 99 
0 5 84 14 2 97 
0 27 4 7 84 626 
0 14 2 3 12 160 
0 5 0 4 1 36 
0 17 5 4 3 218 
0 18 5 4 11 266 
0 5 2 1 0 89 
0 85 0 0 2 1340 
0 640 1140 695 3948 1818 
0 773 0 0 640 4246 
0 10 0 7 0 174 
0 8 1 6 3 140 
0 7 2 5 2 74 
0 4 0 0 0 58 
0 6 1 0 4 68 
0 1 1 1 6 38 
0 9 2 4 28 74 
0 11 0 0 0 172 
0 21 5 6 2 211 
0 3 2 2 0 50 
0 3 2 2 0 40 
0 3 2 2 2 72 
0 1 0 0 0 20 
0 5 1 1 0 56 
0 117 69 78 290 754 
0 40 0 50 20 474 
0 3 0 0 0 8 
0 2 2 2 0 50 
0 9 11 5 98 310 
0 4 1 0 0 42 
0 18 2 3 22 108 
0 18 1 126 681 1398 
0 448 46 92 758 1010 
0 7 3 4 0 70 
0 13 0 11 19 140 
0 3 3 6 70 244 
0 6 0 4 0 32 
1 7 7 3 28 352 
0 2 0 1 3 27 
0 12 2 2 0 162 
0 13 0 0 9 109 
0 14 15 450 800 4041 
4 14 0 0 0 134 
0 14 0 0 0 118 
0 3 0 0 0 12 
0 15 2 60 312 600 
0 3 0 0 0 21 
0 3 1 1 0 30 
0 26 1 0 360 338 
0 7 0 4 8 35 
0 3 0 3 0 34 
0 3 1 0 0 48 
0 7 3 34 12 173 
0 6 0 0 0 114 
0 7 1 3 10 40 
0 4 1 3 0 50 
0 5 0 0 0 42 
0 2 0 0 0 6 
0 3 3 1 0 53 
0 4 0 0 0 24 
0 2 2 1 0 48 
0 2 0 0 0 6 
0 19 2 0 62 342 
0 15 31 43 53 509 
0 5 24 41 39 311 
0 4 4 0 10 70 
0 2 2 1 0 56 
1 3 0 1 0 38 
0 3 0 0 0 32 
0 9 69 1 9 214 
0 4 0 0 4 44 
0 11 68 11 9 176 
0 5 28 0 7 51 
0 3 0 2 0 36 
0 27 10 0 80 534 
0 39 1 34 234 627 
0 2 0 0 384 398 
0 21 1 1 51 238 
0 3 0 3 0 38 
0 12 34 3 13 232 
0 3 0 0 0 44 
0 10 3 34 24 411 
4 13 2 1 10 142 
0 3 0 0 0 28 
0 4 1 1 0 42 
0 2 2 0 6 31 
0 6 2 4 0 77 
0 4 2 0 13 62 
0 80 0 11 100 733 
0 80 0 3 96 726 
0 3 0 0 0 22 
1 65 0 33 92 1056 
0 9 0 2 65 169 
0 11 5 7 64 95 
0 13 10 29 0 400 
0 4 2 1 16 146 
0 6 2 8 16 123 
0 4 0 0 0 50 
0 1 0 0 0 0 
0 3 1 3 94 47 
0 8 0 6 36 158 
0 4 3 0 1 57 
0 7 5 3 0 156 
0 18 0 12 8 219 
0 9 4 2 0 144 
0 1 0 0 0 0 
0 37 4 7 303 99 
0 53 1 33 0 641 
0 1 0 2 12 42 
0 20 1 19 0 364 
0 4 13 2 8 81 
0 10 0 12 0 132 
0 2 0 0 0 12 
3 6 0 1 26 147 
0 1 0 1 2 14 
0 4 2 5 38 206 
0 1 0 0 0 6 
0 2 0 1 8 39 
0 9 7 1 0 169 
0 2 0 3 0 47 
0 1 0 1 2 26 
0 446 53 539 4114 3944 
0 1 8 2 46 205 
3 6 0 0 6 52 
3 6 6 0 30 115 
1 399 381 147 2630 6580 
0 0 1 665 0 5340 
0 363 9 50 148 1339 
0 327 40 54 248 2457 
0 2 0 1 0 14 
0 4 0 1 2 38 
0 1 0 0 2 22 
0 1 2 0 0 100 
0 2 0 1 0 24 
0 1 0 4 2 44 
0 0 0 0 0 0 
0 52 10 16 208 522 
0 0 0 0 0 0 
0 2 0 1 2 35 
0 39 3 17 305 33 
0 1 0 0 0 4 
0 6 0 0 0 84 
6 42 0 0 0 214 
0 104 22 42 120 851 
1 3 1 5 0 36 
0 6 0 6 0 61 
0 1 4 6 0 48 
0 10 1 2 6 106 
0 1 0 0 0 18 
0 5 0 0 27 86 
0 1 0 0 0 55 
0 0 0 0 0 0 
0 5 0 1 0 21 
0 2 1 3 6 39 
0 102 5 0 607 1646 
0 0 0 0 0 0 
0 0 0 0 0 0 
0 37 8 25 181 344 
0 1 20 5 4 19 
0 3 4 0 9 72 
0 1 0 0 0 7 
0 40 6 11 232 39 
0 100 24 150 60 3148 
0 0 0 0 0 0 
0 0 0 0 0 4 
0 1 1 0 0 56 
0 2 2 1 11 83 
0 1 0 2 2 31 
0 1 2 0 0 53 
0 11 6 4 16 160 
0 9 0 0 6 77 
0 5 5 1 2 76 
0 0 0 0 0 0 
0 1 0 1 0 14 
0 13 7 11 57 61 
0 3 0 0 0 32 
0 2 0 0 0 11 
0 1 2 0 0 40 
0 10 2 4 0 86 
0 2 0 1 4 32 
0 3 2 0 5 120 
0 3 0 1 0 36 
0 0 1 0 0 24 
0 1 0 1 0 14 
0 2 0 2 2 32 
0 4 4 2 0 35 
0 26 6 6 10 140 
0 12 0 0 0 192 
0 4 0 0 4 76 
0 1 2 25 325 372 
0 2 0 2 0 14 
0 1232 161 387 5119 1090 
0 82 41 33 301 139 
0 5 0 2 12 100 
0 3 38 1 13 66 
0 1 0 0 0 12 
0 14 2 5 28 69 
0 412 80 160 4320 4124 
0 0 0 0 0 0 
0 4 0 1 0 28 
0 16 37 22 41 199 
0 248 0 64 2400 3057 
0 0 0 0 0 0 
0 10 2 4 16 74 
0 3 0 0 0 20 
0 2 0 3 0 20 
0 1 2 2 0 26 
0 1 0 2 0 18 
0 5 1 4 10 30 
0 1 0 1 0 20 
0 501 125 425 3025 3725 
0 4 0 0 4 56 
1 6 2 0 0 74 
0 3 4 6 0 58 
0 9 0 0 0 64 
0 2 2 0 0 67 
0 12 3 0 12 138 
0 11 2 0 0 89 
0 15 3 0 18 162 
0 14 2 0 0 102 
0 18 3 0 24 189 
0 9 3 0 0 126 
0 2 2 0 0 67 
0 9 3 0 0 126 
0 2 2 0 0 102 
0 12 3 0 0 165 
0 5 2 0 0 52 
0 9 3 0 6 111 
0 8 2 0 0 67 
0 2 0 0 0 19 
0 5 2 3 22 88 
0 1 0 2 0 26 
0 4 1 0 0 55 
0 4 0 0 0 44 
0 0 0 0 0 0 
0 1 2 4 4 32 
0 1 4 4 0 40 
0 0 0 0 0 0 
0 0 0 1 0 12 
0 2 24 0 68 37 
0 2 0 3 0 33 
0 2 0 1 0 27 
0 2 0 5 5 35 
0 1 0 0 10 31 
0 12 0 3 21 103 
0 7 8 2 0 197 
0 5 1 3 8 50 
0 2 2 0 0 40 
0 2 2 2 0 82 
0 19 1 2 87 24 
0 1 1 4 1 28 
0 2 1 0 0 54 
0 0 0 0 0 0 
0 0 0 0 0 0 
0 0 0 0 0 0 
0 0 0 0 0 0 
0 0 0 0 0 0 
0 0 0 0 0 0 
0 0 0 0 0 0 
0 0 0 0 0 0 
0 0 0 0 0 0 
0 0 0 0 0 0 
0 0 0 0 0 0 
0 0 0 0 0 0 
0 0 0 0 0 0 
0 0 0 0 0 0 
0 0 0 0 0 0 
0 0 0 0 0 0 
0 1 2 5 0 41 
0 193 197 103 527 278 
0 2 0 4 0 44 
0 1 0 2 1 17 
0 1 0 2 0 26 
0 1 0 24 0 14 
0 20 0 25 16 244 
0 20 0 25 32 324 
0 20 0 25 64 482 
0 1 2 0 0 107 
0 1 1 11 3 36 
0 2 0 0 0 25 
0 0 0 0 0 6 
1 4 2 0 14 69 
0 0 0 0 0 0 
0 4 0 2 8 14 
0 0 0 0 0 0 
0 1 0 2 0 23 
0 0 0 7 44 99 
0 10 3 10 20 72 
0 92 118 74 344 193 
0 644 0 2 2532 8885 
0 3 0 8 0 39 
0 3 4 0 0 154 
0 5 2 8 0 80 
0 0 0 0 0 0 
0 2 1 5 0 48 
0 0 0 2 0 34 
0 0 0 0 0 0 
0 0 0 0 0 0 
0 4 0 3 0 36 
0 1 0 2 0 18 
0 18 2 8 22 290 
0 1 0 3 0 22 
0 8 2 3 8 98 
0 0 0 0 0 0 
0 63 2 75 625 725 
0 0 0 0 0 0 
0 0 0 0 0 0 
0 0 0 0 0 0 
0 1 0 0 0 18 
0 6 0 2 0 36 
0 9 2 4 16 55 
0 3 3 12 30 212 
0 2 0 1 2 30 
0 2 0 0 0 44 
0 2 0 1 0 23 
0 1 0 0 0 4 
0 2 1 0 0 38 
0 2 0 0 0 293 
0 0 0 0 0 0 
0 0 0 0 0 4 
0 38 0 10 170 65 
0 101 0 0 0 606 
0 0 0 0 0 0 
0 7 5 10 43 39 
1 8 6 1 0 153 
0 2 0 1 0 27 
0 2 0 0 0 20 
0 2 0 1 0 32 
0 2 1 1 2 48 
0 8 0 10 11 126 
0 301 429 205 1150 319 
0 1 1 8 0 108 
0 6 0 0 0 46 
0 91 133 165 744 1157 
1 5 1 7 0 63 
0 1 0 0 0 40 
0 3 0 0 0 20 
0 2 0 1 2 28 
0 20 2 5 99 52 
0 0 0 0 0 0 
0 10 0 34 34 721 
0 0 0 0 0 0 
0 13 0 102 20 1194 
0 2 0 0 0 24 
0 4 0 2 0 72 
2 40 0 12 0 122 
0 8 0 0 0 50 
0 0 0 2 0 16 
0 0 0 0 0 0 
1 100 0 10 308 1823 
0 68 3 0 0 2862 
1 14 0 6 16 100 
0 3 2 0 6 52 
0 2 4 0 8 149 
0 11 0 0 18 292 
0 2 2 0 2 43 
0 3 0 1 0 118 
0 12 0 9 214 531 
0 0 0 0 0 0 
0 8 0 1 62 239 
0 1 0 0 0 0 
0 3 18 4 6 112 
0 70 35 25 247 107 
0 2 0 9 0 50 
0 8 0 0 0 24 
0 17 6 22 70 752 
0 130 120 40 220 588 
0 2 0 0 0 100 
0 4 0 2 8 14 
0 4 0 2 0 56 
0 0 0 0 0 0 
0 2 1 0 288 756 
0 0 0 0 0 0 
0 1 2 3 68 37 
0 4 23 3 0 40 
0 24 21 2 1 754 
0 88 8 0 0 1024 
0 13 2 0 0 142 
0 0 0 0 0 0 
0 3 0 1 0 26 
0 0 0 0 0 0 
0 3 0 1 0 24 
0 2 0 0 6 22 
0 3 0 0 0 18 
0 2 1 1 0 38 
0 1 0 0 0 0 
0 63 0 28 112 169 
0 1 0 0 0 0 
0 2 17 2 41 72 
0 3 2 2 0 31 
0 2 0 0 0 24 
0 0 0 0 0 0 
0 699 139 681 6046 2931 
0 0 0 0 0 0 
0 0 0 0 0 0 
0 0 0 0 0 0 
0 1 0 0 0 0 
0 15 2 14 28 292 
0 42 254 53 290 819 
0 0 0 0 0 0 
0 3 0 0 0 34 
0 3 7 1 3 12 
0 0 29 17 30 40 
0 116 5 37 560 85 
0 0 0 0 0 0 
0 0 0 0 0 0 
0 12 31 14 61 540 
0 42 33 96 0 1623 
0 6 2 33 9 157 
0 0 0 0 0 0 
0 2 0 0 0 16 
0 4 0 0 0 32 
0 7 5 0 1 64 
0 3 0 0 0 80 
0 44 5 22 0 556 
0 8 0 0 0 56 
0 152 0 0 648 1094 
0 117 3 3 705 1926 
0 0 0 0 0 0 
0 0 0 0 0 0 
0 0 0 0 0 6 
0 0 0 0 0 4 
0 352 176 0 66 10492 
0 907 413 276 1510 7174 
0 2 2 6 6 86 
0 99 0 0 10 983 
0 62 18 27 0 588 
0 5 0 1 0 32 
0 48 0 0 0 442 
0 0 0 0 0 0 
0 0 1 529 0 7432 
0 26 12 17 74 171 
0 36 20 19 67 265 
0 9 2 4 24 158 
0 0 0 0 0 0 
0 214 134 83 819 388 
0 61 36 56 195 815 
0 138 9 75 240 1096 
0 0 0 0 0 0 
0 2 0 0 0 22 
0 0 0 0 0 0 
0 66 236 35 219 223 
0 18 9 51 50 590 
0 122 0 54 0 1680 
0 26 0 12 0 378 
0 941 0 434 0 8253 
0 90 0 30 0 936 
0 4 0 0 0 30 
0 7 4 4 20 50 
0 241 24 113 1898 431 
0 44 10 31 296 466 
0 161 11 58 966 203 
0 1 0 256 0 1799 
0 0 0 0 0 0 
0 0 0 2 0 10 
0 2 0 1 0 16 
0 0 0 3 0 26 
0 1 0 0 0 14 
0 0 0 0 0 0 
0 1 0 3 0 7 
0 12 17 9 49 69 
0 50 89 14 96 47 
0 5 44 4 18 32 
0 4 3 0 0 80 
0 4 3 1 0 107 
0 9 2 3 2 90 
0 5 0 2 8 36 
0 0 0 0 0 0 
0 3 0 4 0 24 
0 1 0 0 3 26 
0 0 0 0 0 0 
0 145 0 48 0 1616 
0 4 2 1 0 42 
0 9 113 5 81 230 
0 3 0 4 24 91 
0 4 0 3 0 48 
0 402 0 200 796 4800 
0 16 0 4 0 70 
0 39 3 40 450 587 
0 37 3 7 190 66 
0 362 26 0 2750 6051 
0 4 0 0 4 60 
0 3 0 0 8 48 
0 4 2 0 14 98 
0 3 1 0 14 80 
0 4 2 0 160 683 
0 9 8 8 20 110 
0 9 0 0 16 102 
0 7 12 4 40 140 
0 2 1 0 26 238 
0 1 1 0 2 42 
0 5 2 1 32 217 
0 17 0 0 116 104 
0 8 1 9 112 151 
1 15 1 5 34 79 
0 4 1 2 0 26 
0 45 39 52 414 352 
0 959 0 0 2125 6751 
0 0 0 0 0 0 
0 4 0 0 0 50 
0 0 0 0 0 0 
0 3 0 0 0 28 
0 4 0 0 0 42 
0 4 0 1 0 28 
7 5 2 0 0 90 
0 967 0 0 0 8348 
0 0 0 0 0 0 
0 835 0 20 10 8631 
0 561 54 0 78 9252 
0 514 53 0 234 9039 
0 3 1 15 75 327 
0 21 2 10 87 26 
0 159 926 121 3403 6336 
0 15 2 17 113 179 
0 5 0 0 0 48 
0 4 1 1 0 56 
0 333 249 0 1330 9235 
0 280 0 0 562 8988 
0 3 4 0 12 101 
0 5 1 2 8 45 
0 4 0 6 0 54 
0 1 0 0 0 14 
0 1 0 0 0 0 
0 8 0 9 7 231 
0 129 86 61 364 869 
0 9 4 2 10 103 
0 15 2 3 16 110 
0 10 8 3 15 76 
0 8 2 6 18 159 
0 6 4 0 24 70 
1 3 0 1 0 36 
0 4 0 1 2 30 
0 2 0 0 0 16 
0 11 0 13 10 178 
0 735 0 644 0 10206 
0 3 0 1 0 22 
0 2 1 1 8 18 
0 4 6 2 22 26 
0 2 1 4 24 61 
0 1 0 0 0 0 
0 22 0 3 0 160 
0 2 0 4 1 19 
0 5 2 0 0 99 
0 5 2 0 90 226 
0 15 1 10 2 186 
0 3 4 0 8 56 
0 3 0 2 20 84 
0 5 0 3 3 31 
0 0 0 9 4 80 
0 2 1 0 13 55 
0 0 0 0 0 0 
0 3 0 0 2 70 
0 3 6 0 20 112 
0 0 0 0 10 40 
0 0 0 0 6 32 
0 1 0 0 0 37 
0 52 3 0 0 414 
0 52 3 0 0 414 
0 35 0 0 0 342 
0 5 0 1 0 22 
0 2 0 3 1 26 
0 4 1 2 0 42 
0 1 0 4 1 24 
0 0 0 0 0 0 
0 67 84 38 173 553 
0 0 0 0 0 0 
0 4 0 3 0 34 
0 6 0 2 8 28 
0 18 13 0 0 356 
0 4 1 4 0 48 
0 3 0 2 0 32 
0 0 0 0 0 0 
0 3 1 0 0 16 
0 0 0 0 0 0 
0 3 0 1 0 32 
0 191 12 35 935 342 
0 264 0 128 0 1790 
0 7 3 10 78 209 
0 39 24 9 329 35 
0 2 1 2 0 30 
0 0 0 1 0 14 
0 7 25 2 19 187 
0 4 1 1 0 35 
0 4 2 1 1 50 
0 3 0 0 0 38 
0 0 0 0 0 0 
0 2 0 0 0 18 
0 3 1 0 0 40 
0 1 0 0 0 0 
0 1 0 0 0 0 
0 1 0 0 0 10 
0 4 0 7 0 38 
0 132 33 46 550 173 
0 48 14 46 337 660 
0 4 1 0 0 30 
0 2 0 0 0 8 
0 3 0 7 0 22 
0 5 126 9 36 105 
0 5 1 0 0 44 
0 1 0 1 2 22 
0 11 2 4 1 166 
0 4 0 0 24 154 
0 6 3 5 1 67 
0 3 0 1 0 16 
0 2 0 1 0 16 
0 36 6 17 108 365 
0 3 0 2 4 20 
0 3 4 2 4 18 
0 35 57 101 214 1623 
0 35 57 101 226 1721 
0 0 0 0 0 0 
0 3 0 3 0 18 
0 0 0 0 0 0 
0 3 1 4 0 28 
0 43 7 13 189 111 
0 4 0 4 9 34 
0 4 3 0 0 107 
0 8 5 3 9 117 
1 14 2 0 8 127 
0 11 2 8 6 112 
0 4 0 4 3 42 
0 4 1 4 5 48 
0 28 6 2 22 497 
0 3 0 0 0 18 
0 3 0 0 6 18 
0 3 0 2 0 28 
0 3 0 1 0 18 
0 7 1 7 8 50 
0 4 2 0 65 184 
0 207 0 140 374 3220 
0 123 30 90 1050 1124 
0 123 30 60 1320 1094 
0 3 8 6 96 470 
0 3 4 1 0 26 
0 523 13 4 1048 6792 
0 4 4 0 12 64 
0 4 3 4 3 77 
0 8 2 4 8 68 
0 57 0 1 0 173 
0 10 0 1 10 64 
0 3 0 6 4 75 
0 21 0 5 87 38 
0 215 1 1075 4085 6051 
0 8 0 6 0 90 
0 3 0 1 0 14 
0 18 8 26 12 150 
0 7 0 12 0 86 
0 3 2 0 12 68 
0 4 3 0 32 96 
0 1 0 0 0 0 
0 7 3 2 12 92 
0 3 2 2 7 60 
0 3 2 2 0 52 
0 0 0 0 0 0 
0 0 0 0 0 0 
0 0 0 0 0 0 
0 13 5 5 16 184 
0 5 3 8 0 149 
0 4 0 0 0 40 
0 56 25 39 186 165 
0 9 7 15 21 245 
0 20 0 0 10 169 
0 5 3 7 74 227 
0 456 144 216 864 2260 
0 6 2 9 0 148 
0 34 268 8 36 458 
0 108 678 144 938 1193 
0 1 0 0 0 0 
0 2 1 3 18 78 
0 10 1 0 0 186 
0 4 0 0 0 82 
0 7 0 0 0 48 
0 9 0 6 0 114 
0 3 3 5 12 147 
0 3 0 0 0 26 
0 10 1 1 14 76 
0 10 1 1 14 76 
0 10 1 1 14 76 
0 5 2 3 0 112 
0 1 0 0 0 0 
0 6 0 1 0 53 
0 4 4 2 22 82 
0 11 6 2 13 140 
0 5 2 0 16 74 
0 6 0 0 2 31 
0 46 0 23 0 602 
0 13 5 5 16 173 
0 2 0 0 2 49 
0 2 0 766 0 3331 
0 1 0 0 0 0 
0 1 0 0 0 0 
0 16 0 11 10 151 
0 19 4 9 46 162 
0 17 4 21 8 295 
0 16 2 4 32 138 
0 18 0 3 12 118 
0 0 0 0 0 0 
0 4 1 2 115 256 
1 4 0 1 0 28 
0 14 0 48 36 290 
0 4 0 5 0 59 
0 2 0 0 0 12 
0 2 0 4 0 16 
0 2 1 0 448 1563 
0 774 2 0 1538 7984 
0 4 1 1 0 63 
0 3 0 0 0 36 
0 3 0 0 2 36 
0 3 2 4 0 66 
0 1 0 0 0 0 
0 3 0 2 0 20 
0 11 5 17 64 255 
0 11 3 7 18 61 
0 4 0 1 1 28 
0 8 1 1 7 76 
0 24 2 8 91 147 
0 16 6 4 16 144 
0 849 365 486 488 8277 
0 53 1 33 0 649 
0 4 0 18 3 64 
0 8 4 0 6 126 
0 67 317 0 96 716 
0 6 0 2 0 104 
0 13 2 12 16 192 
0 42 0 0 0 540 
0 122 0 80 80 1220 
0 42 8 15 186 144 
0 3 0 2 5 21 
0 5 5 0 17 154 
0 4 0 1 3 17 
0 998 0 1 198 9789 
0 512 292 294 2238 1425 
0 14 1 0 0 174 
0 1 0 0 0 0 
0 675 0 0 1544 8192 
0 4 0 2 2 34 
1 30 0 11 84 220 
0 3 0 0 4 30 
0 3 0 0 4 30 
0 4 4 4 6 24 
0 2 4 4 8 13 
0 5 2 0 0 56 
0 2 0 3 6 70 
0 2 4 4 8 13 
1 11 0 0 0 72 
0 5 1 1 0 64 
0 39 2 25 88 517 
0 4 2 0 0 74 
0 10 0 6 24 78 
1 8 4 7 6 180 
0 9 3 0 62 166 
0 88 73 106 624 413 
0 1 0 0 0 0 
0 2 0 1 0 7 
0 403 0 1000 0 6216 
0 150 13 61 2209 263 
0 4 0 0 3 40 
0 10 7 2 0 174 
0 3 2 0 0 55 
0 6 8 0 36 140 
