control segreg flgctrl inout string break cond branch bit shftrot logical decimal binary arith conver stack datamov
0 0 0 0 1 0 0 2 0 0 7 0 0 4 0 6 28 
0 0 0 0 1 0 0 1 0 0 36 0 0 7 0 5 44 
4 0 0 0 1 0 0 1 0 0 0 0 0 3 0 12 22 
0 0 0 0 1 0 0 2 0 0 4 0 0 4 0 6 12 
0 0 0 0 1 0 0 1 0 0 2 0 0 4 0 6 19 
16 0 0 0 1 0 0 1 0 0 16 0 0 34 0 21 99 
0 0 0 0 1 0 0 137 0 0 60 0 0 184 0 6 247 
0 0 0 0 1 0 0 2 0 0 0 0 0 3 0 4 6 
0 0 0 0 1 0 0 1 0 0 0 0 0 5 0 5 9 
0 0 0 0 1 0 0 1 0 0 3 0 0 4 0 6 24 
0 0 0 0 1 0 0 3 0 0 0 0 0 2 0 4 4 
0 0 0 0 1 0 0 2 0 0 1 0 0 3 0 6 7 
1 0 0 0 1 0 0 1 0 0 0 0 0 5 0 13 24 
2 0 0 0 1 0 0 1 0 0 0 0 0 4 0 6 18 
0 0 0 0 1 0 0 1 0 0 3 0 0 6 0 8 24 
0 0 0 0 1 0 0 1 0 0 0 0 0 4 0 8 8 
0 0 0 0 1 0 0 2 0 0 202 0 0 104 0 105 1318 
0 0 0 0 1 0 0 1 0 0 2 0 0 8 0 7 32 
3 0 0 0 1 0 0 42 0 0 0 0 0 51 0 7 123 
0 0 0 0 1 0 0 1 0 0 2 0 0 3 0 4 8 
0 0 0 0 1 0 0 6 0 0 0 0 0 10 0 6 21 
2 0 0 0 1 0 0 1 0 0 0 0 0 5 0 6 25 
0 0 0 0 1 0 0 44 0 0 0 0 0 327 0 4 633 
0 0 0 0 1 0 0 1 0 0 2 0 0 3 0 6 9 
21 0 0 0 1 0 0 16 0 0 0 0 0 52 0 25 187 
0 0 0 0 1 0 0 2 0 0 3 0 0 7 0 8 44 
0 0 0 0 1 0 0 1 0 0 0 0 0 3 0 4 6 
0 0 0 0 1 0 0 1 0 0 0 0 0 4 0 4 13 
0 0 0 0 1 0 0 1 0 0 0 0 0 3 0 4 8 
0 0 0 0 1 0 0 2 0 0 2 0 0 2 0 6 16 
256 0 0 0 1 0 0 515 0 0 1 0 0 517 0 517 1810 
1 0 0 0 1 0 0 5 0 0 1 0 0 5 0 5 26 
0 0 0 0 1 0 0 5 0 0 2 0 0 2 0 4 14 
1 0 0 0 1 0 0 1 0 0 0 0 0 4 0 8 29 
2 0 0 0 1 0 0 1 0 0 1 0 0 8 0 8 46 
2 0 0 0 1 0 0 1 0 0 0 0 0 12 0 6 37 
2 0 0 0 1 0 0 1 0 0 0 0 0 12 0 6 39 
3 0 0 0 1 0 0 1 0 0 0 0 0 5 0 8 20 
2 0 0 0 1 0 0 1 0 0 0 0 0 5 0 6 16 
2 0 0 0 1 0 0 1 0 0 0 0 0 7 0 6 27 
2 0 0 0 1 0 0 1 0 0 0 0 0 4 0 6 25 
9 0 0 0 1 0 0 1 0 0 3 0 0 22 0 17 48 
0 0 0 0 1 0 0 1 0 0 1 0 0 3 0 6 7 
1 0 0 0 1 0 0 1 0 0 0 0 0 6 0 6 30 
1 0 0 0 1 0 0 1 0 0 0 0 0 4 0 5 6 
0 0 0 0 1 0 0 1 0 0 1 0 0 4 0 6 25 
0 0 0 0 1 0 0 1 0 0 0 0 0 2 0 5 3 
1 0 0 0 1 0 0 1 0 0 0 0 0 7 0 6 36 
4 0 0 0 1 0 0 1 0 0 4 0 0 8 0 8 26 
1 0 0 0 1 0 0 1 0 0 1 0 0 7 0 6 20 
20 0 0 0 1 0 0 2 0 0 2 0 0 2 0 84 44 
0 0 0 0 1 0 0 3 0 0 0 0 0 2 0 4 4 
2 0 0 0 1 0 0 7 0 0 1 0 0 7 0 20 57 
0 0 0 0 1 0 0 3 0 0 3 0 0 3 0 9 24 
0 0 0 0 1 0 0 1 0 0 0 0 0 3 0 4 4 
0 0 0 0 1 0 0 1 0 0 5 0 0 3 0 5 12 
3 0 0 0 1 0 0 1 0 0 4 0 0 13 0 9 43 
1 0 0 0 1 0 0 65 0 0 39 0 0 67 0 14 66 
1 0 0 0 1 0 0 4 0 0 1 0 0 3 0 9 15 
0 0 0 0 1 0 0 4 0 0 0 0 0 8 0 5 20 
0 0 0 0 1 0 0 1 0 0 4 0 0 9 0 8 37 
9 0 0 0 1 0 0 2 0 0 0 0 0 18 0 13 67 
0 0 0 0 1 0 0 5 0 0 4 0 0 7 0 7 27 
0 0 0 0 0 0 0 0 0 0 0 0 0 0 0 0 1 
0 0 0 0 1 0 0 1 0 0 2 0 0 3 0 8 24 
0 0 0 0 1 0 0 2 0 0 4 0 0 3 0 4 15 
0 0 0 0 1 0 0 2 0 0 2 0 0 4 0 6 13 
0 0 0 0 1 0 0 1 0 0 1 0 0 3 0 6 9 
0 0 0 0 1 0 0 2 0 0 1 0 0 4 0 6 15 
1 0 0 0 1 0 0 1 0 0 2 0 0 6 0 7 27 
1 0 0 0 1 0 0 1 0 0 2 0 0 6 0 5 23 
2 0 0 0 1 0 0 1 0 0 4 0 0 6 0 6 28 
1 0 0 0 1 0 0 6 0 0 7 0 0 9 0 9 55 
0 0 0 0 1 0 0 1 0 0 0 0 0 4 0 4 7 
2 0 0 0 1 0 0 1 0 0 0 0 0 10 0 8 16 
1 0 0 0 1 0 0 1 0 0 5 0 0 4 0 7 33 
0 0 0 0 1 0 0 1 0 0 0 0 0 6 0 8 23 
4 0 0 0 1 0 0 9 0 0 0 0 0 12 0 14 37 
0 0 0 0 1 0 0 1 0 0 0 0 0 4 0 4 6 
0 0 0 0 1 0 0 3 0 0 1 0 0 7 0 6 44 
0 0 0 0 1 0 0 2 0 0 0 0 0 6 0 15 18 
0 0 0 0 1 0 0 2 0 0 0 0 0 7 0 6 9 
1 0 0 0 1 0 0 1 0 0 2 0 0 3 0 5 8 
1 0 0 0 1 0 0 1 0 0 4 0 0 7 0 9 51 
0 0 0 0 1 0 0 1 0 0 0 0 0 2 0 4 5 
0 0 0 0 1 0 0 1 0 0 4 0 0 6 0 6 13 
2 0 0 0 1 0 0 1 0 0 2 0 0 3 0 7 16 
0 0 0 0 1 0 0 2 0 0 1 0 0 5 0 5 10 
0 0 0 0 1 0 0 1 0 0 1 0 0 3 0 4 7 
0 0 0 0 1 0 0 2 0 0 1 0 0 7 0 6 22 
2 0 0 0 1 0 0 1 0 0 1 0 0 9 0 7 67 
1 0 0 0 1 0 0 1 0 0 0 0 0 2 0 6 8 
21 0 0 0 1 0 0 17 0 0 30 0 0 114 0 48 334 
0 0 0 0 1 0 0 7 0 0 1 0 0 10 0 4 34 
0 0 0 0 1 0 0 3 0 0 18 0 0 7 0 11 48 
0 0 0 0 1 0 0 1 0 0 0 0 0 3 0 6 6 
0 0 0 0 1 0 0 20 0 0 2 0 0 35 0 8 93 
0 0 0 0 1 0 0 5 0 0 0 0 0 5 0 4 10 
0 0 0 0 1 0 0 1 0 0 0 0 0 6 0 4 13 
1 0 0 0 1 0 0 2 0 0 0 0 0 20 0 12 56 
0 0 0 0 1 0 0 1 0 0 0 0 0 3 0 4 4 
0 0 0 0 1 0 0 3 0 0 0 0 0 5 0 4 8 
4 0 0 0 1 0 0 1 0 0 0 0 0 5 0 10 33 
1 0 0 0 1 0 0 2 0 0 1 0 0 9 0 9 42 
0 0 0 0 1 0 0 1 0 0 0 0 0 3 0 6 7 
0 0 0 0 1 0 0 1 0 0 0 0 0 16 0 6 30 
0 0 0 0 1 0 0 1 0 0 1 0 0 7 0 4 22 
0 0 0 0 1 0 0 1 0 0 0 0 0 3 0 4 5 
0 0 0 0 1 0 0 1 0 0 7 0 0 6 0 5 25 
0 0 0 0 1 0 0 1 0 0 2 0 0 5 0 6 15 
0 0 0 0 1 0 0 10 0 0 0 0 0 5 0 8 16 
1 0 0 0 1 0 0 1 0 0 1 0 0 2 0 6 10 
0 0 0 0 1 0 0 1 0 0 0 0 0 5 0 4 13 
0 0 0 0 1 0 0 2 0 0 0 0 0 3 0 6 10 
0 0 0 0 1 0 0 1 0 0 0 0 0 2 0 4 3 
0 0 0 0 1 0 0 1 0 0 0 0 0 2 0 4 3 
1 0 0 0 1 0 0 22 0 0 7 0 0 24 0 6 91 
0 0 0 0 1 0 0 15 0 0 11 0 0 57 0 11 145 
0 0 0 0 1 0 0 1 0 0 1 0 0 16 0 5 7 
0 0 0 0 1 0 0 1 0 0 1 0 0 3 0 5 16 
0 0 0 0 0 0 0 429 0 0 432 0 0 2149 0 859 6024 
0 0 0 0 1 0 0 1 0 0 1 0 0 3 0 6 9 
1 0 0 0 1 0 0 1 0 0 1 0 0 3 0 7 13 
3 0 0 0 1 0 0 1 0 0 0 0 0 7 0 5 10 
0 0 0 0 1 0 0 6 0 0 0 0 0 11 0 4 16 
0 0 0 0 1 0 0 1 0 0 4 0 0 16 0 8 58 
0 0 0 0 1 0 0 1 0 0 0 0 0 3 0 6 7 
0 0 0 0 1 0 0 1 0 0 0 0 0 2 0 4 3 
0 0 0 0 1 0 0 1 0 0 1 0 0 3 0 4 26 
0 0 0 0 1 0 0 3 0 0 0 0 0 2 0 4 6 
0 0 0 0 1 0 0 7 0 0 2 0 0 12 0 6 33 
0 0 0 0 1 0 0 1 0 0 1 0 0 2 0 4 8 
0 0 0 0 1 0 0 1 0 0 2 0 0 2 0 4 4 
0 0 0 0 1 0 0 2 0 0 1 0 0 6 0 5 19 
0 0 0 0 1 0 0 1 0 0 0 0 0 2 0 4 4 
0 0 0 0 1 0 0 1 0 0 2 0 0 4 0 8 13 
0 0 0 0 1 0 0 1 0 0 56 0 0 173 0 452 899 
0 0 0 0 1 0 0 1 0 0 0 0 0 2 0 4 3 
0 0 0 0 1 0 0 1 0 0 3 0 0 3 0 8 11 
1 0 0 0 1 0 0 2 0 0 2 0 0 5 0 5 34 
0 0 0 0 1 0 0 1 0 0 0 0 0 32 0 4 53 
1 0 0 0 1 0 0 1 0 0 1 0 0 6 0 7 26 
2 0 0 0 1 0 0 5 0 0 2 0 0 6 0 6 20 
1 0 0 0 1 0 0 2 0 0 0 0 0 6 0 8 17 
0 0 0 0 1 0 0 1 0 0 1 0 0 7 0 6 21 
0 0 0 0 1 0 0 1 0 0 1 0 0 3 0 6 5 
0 0 0 0 1 0 0 1 0 0 1 0 0 3 0 6 13 
0 0 0 0 1 0 0 1 0 0 2 0 0 3 0 6 11 
0 0 0 0 1 0 0 1 0 0 0 0 0 3 0 6 10 
0 0 0 0 1 0 0 1 0 4 16 0 0 38 0 4 138 
2 0 0 0 1 0 0 1 0 0 3 0 0 6 0 6 19 
29 0 0 0 1 0 0 30 0 0 27 0 0 60 0 33 119 
1 0 0 0 1 0 0 6 0 0 2 0 0 8 0 7 21 
0 0 0 0 1 0 0 1 0 0 1 0 0 4 0 4 34 
0 0 0 0 1 0 0 1 0 0 0 0 0 3 0 8 24 
1 0 0 0 1 0 0 1 0 0 2 0 0 4 0 5 9 
0 0 0 0 1 0 0 19 0 0 1 0 0 10 0 4 45 
3 0 0 0 1 0 0 1 0 0 0 0 0 28 0 8 121 
0 0 0 0 1 0 0 6 0 0 3 0 0 10 0 14 49 
3 0 0 0 1 0 0 1 0 0 1 0 0 4 0 14 78 
0 0 0 0 0 0 0 0 0 0 1 0 0 2 0 1 6 
0 0 0 0 1 0 0 3 0 0 4 0 0 3 0 5 14 
11 0 0 0 1 0 0 37 0 0 4 0 0 67 0 28 212 
4 0 0 0 1 0 0 26 0 0 1 0 0 28 0 8 65 
1 0 0 0 1 0 0 2 0 0 2 0 0 4 0 6 20 
0 0 0 0 1 0 0 1 0 0 0 0 0 14 0 4 14 
0 0 0 0 1 0 0 3 0 0 2 0 0 8 0 6 33 
32 0 0 0 1 0 0 129 0 0 64 0 0 34 0 37 207 
0 0 0 0 1 0 0 1 0 4 16 0 0 38 0 4 138 
0 0 0 0 1 0 0 1 0 0 24 0 0 38 0 4 148 
0 0 0 0 1 0 0 1 0 0 24 0 0 38 0 4 148 
20 0 0 0 1 0 0 17 0 0 16 0 0 22 0 25 119 
1 0 0 0 1 0 0 5 0 0 5 0 0 11 0 7 49 
1 0 0 0 1 0 0 3 0 0 0 0 0 5 0 6 10 
0 0 0 0 1 0 0 1 0 0 0 0 0 8 0 4 14 
0 0 0 0 1 0 0 10 0 0 9 0 0 20 0 10 125 
0 0 0 0 1 0 0 1 0 0 2 0 0 3 0 5 11 
1 0 0 0 1 0 0 1 0 0 2 0 0 3 0 7 17 
1 0 0 0 1 0 0 2 0 0 0 0 0 3 0 6 5 
1 0 0 0 1 0 0 1 0 0 2 0 0 4 0 5 12 
1 0 0 0 1 0 0 1 0 0 0 0 0 7 0 7 27 
0 0 0 0 1 0 0 133 0 0 100 0 0 2 0 204 314 
0 0 0 0 1 0 0 1 0 0 0 0 0 3 0 7 9 
0 0 0 0 1 0 0 3 0 0 1 0 0 5 0 5 4 
0 0 0 0 1 0 0 3 0 0 0 0 0 3 0 7 7 
0 0 0 0 1 0 0 1 0 0 1 0 0 4 0 6 24 
0 0 0 0 1 0 0 1 0 0 1 0 0 2 0 6 6 
0 0 0 0 1 0 0 2 0 0 0 0 0 8 0 4 16 
0 0 0 0 154 0 0 19 0 0 17 0 0 51 0 4 172 
1 0 0 0 1 0 0 2 0 0 4 0 0 6 0 5 34 
2 0 0 0 1 0 0 1 0 0 3 0 0 8 0 7 35 
0 0 0 0 1 0 0 3 0 0 1 0 0 5 0 6 27 
1 0 0 0 1 0 0 1 0 0 1 0 0 8 0 6 19 
0 0 0 0 1 0 0 1 0 0 1 0 0 6 0 6 28 
2 0 0 0 1 0 0 14 0 0 1 0 0 15 0 11 52 
0 0 0 0 1 0 0 3 0 0 2 0 0 6 0 6 13 
0 0 0 0 1 0 0 1 0 0 0 0 0 6 0 7 14 
1 0 0 0 1 0 0 135 0 0 0 0 0 5 0 5 841 
1 0 0 0 1 0 0 2 0 0 0 0 0 4 0 6 12 
0 0 0 0 1 0 0 1 0 0 1 0 0 5 0 8 27 
0 0 0 0 1 0 0 1 0 0 1 0 0 4 0 5 4 
1 0 0 0 1 0 0 2 0 0 1 0 0 6 0 5 15 
1 0 0 0 1 0 0 2 0 0 4 0 0 8 0 6 25 
0 0 0 0 1 0 0 11 0 0 2 0 0 21 0 5 34 
0 0 0 0 1 0 0 1 0 0 0 0 0 3 0 5 4 
0 0 0 0 1 0 0 1 0 0 0 0 0 14 0 9 44 
0 0 0 0 1 0 0 2 0 0 6 0 0 5 0 10 17 
0 0 0 0 1 0 0 1 0 0 0 0 0 3 0 7 7 
0 0 0 0 1 0 0 1 0 0 0 0 0 2 0 5 3 
0 0 0 0 1 0 0 1 0 0 0 0 0 3 0 4 5 
1 0 0 0 1 0 0 2 0 0 0 0 0 4 0 8 11 
0 0 0 0 1 0 0 2 0 0 0 0 0 5 0 4 7 
0 0 0 0 1 0 0 1 0 0 0 0 0 2 0 5 3 
0 0 0 0 1 0 0 1 0 0 1 0 0 4 0 6 15 
0 0 0 0 12 0 0 1 0 0 2 0 0 6 0 4 23 
1 0 0 0 1 0 0 1 0 0 1 0 0 3 0 6 20 
0 0 0 0 1 0 0 1 0 0 0 0 0 4 0 4 7 
0 0 0 0 1 0 0 1 0 0 0 0 0 4 0 8 30 
5 0 0 0 1 0 0 1 0 0 1 0 0 27 0 13 89 
0 0 0 0 1 0 0 1 0 0 0 0 0 2 0 5 4 
0 0 0 0 1 0 0 1 0 0 0 0 0 2 0 5 3 
0 0 0 0 1 0 0 1 0 0 0 0 0 2 0 5 3 
1 0 0 0 1 0 0 2 0 0 1 0 0 3 0 8 11 
0 0 0 0 1 0 0 2 0 0 0 0 0 2 0 4 4 
0 0 0 0 1 0 0 33 0 0 0 0 0 12 0 4 14 
0 0 0 0 1 0 0 1 0 0 23 0 0 29 0 9 38 
0 0 0 0 1 0 0 1 0 0 1 0 0 4 0 6 17 
0 0 0 0 1 0 0 1 0 0 1 0 0 12 0 8 50 
0 0 0 0 1 0 0 3 0 0 1 0 0 9 0 22 111 
0 0 0 0 1 0 0 1 0 0 0 0 0 2 0 4 4 
0 0 0 0 1 0 0 1 0 0 1 0 0 2 0 4 13 
2 0 0 0 1 0 0 1 0 0 19 0 0 8 0 7 40 
0 0 0 0 1 0 0 2 0 0 2 0 0 3 0 8 25 
0 0 0 0 1 0 0 1 0 0 4 0 0 19 0 9 67 
1 0 0 0 1 0 0 1 0 0 0 0 0 2 0 7 5 
0 0 0 0 1 0 0 1 0 0 0 0 0 2 0 5 3 
0 0 0 0 1 0 0 1 0 0 1 0 0 4 0 6 7 
0 0 0 0 1 0 0 1 0 0 1 0 0 4 0 6 11 
0 0 0 0 1 0 0 1 0 0 1 0 0 4 0 4 16 
0 0 0 0 1 0 0 2 0 0 0 0 0 5 0 5 4 
1 0 0 0 1 0 0 1 0 0 0 0 0 6 0 5 11 
0 0 0 0 1 0 0 2 0 0 1 0 0 2 0 4 9 
2 0 0 0 1 0 0 1 0 0 2 0 0 4 0 7 15 
0 0 0 0 1 0 0 38 0 0 1 0 0 3 0 6 122 
0 0 0 0 1 0 0 1 0 0 1 0 0 6 0 5 33 
1 0 0 0 1 0 0 1031 0 0 1 0 0 274 0 6 1066 
0 0 0 0 1 0 0 4 0 0 5 0 0 2 0 4 11 
1 0 0 0 1 0 0 21 0 0 1 0 0 55 0 6 94 
0 0 0 0 1 0 0 1 0 0 0 0 0 4 0 9 9 
0 0 0 0 1 0 0 2 0 0 1 0 0 5 0 6 27 
0 0 0 0 1 0 0 1 0 0 0 0 0 14 0 4 26 
0 0 0 0 0 0 0 0 0 0 1 0 0 1 0 1 12 
2 0 0 0 1 0 0 3 0 0 0 0 0 4 0 7 8 
1 0 0 0 1 0 0 1 0 0 3 0 0 9 0 7 40 
0 0 0 0 1 0 0 29 0 0 0 0 0 42 0 7 77 
0 0 0 0 1 0 0 1 0 0 9 0 0 2 0 4 9 
1 0 0 0 1 0 0 1 0 0 3 0 0 3 0 5 9 
1 0 0 0 1 0 0 5 0 0 2 0 0 10 0 6 28 
3 0 0 0 1 0 0 1 0 0 3 0 0 2 0 11 16 
1 0 0 0 1 0 0 1 0 0 1 0 0 3 0 7 11 
0 0 0 0 1 0 0 2 0 0 0 0 0 2 0 4 4 
0 0 0 0 1 0 0 1 0 0 4 0 0 11 0 10 34 
1 0 0 0 1 0 0 1 0 0 2 0 0 8 0 5 16 
10 0 0 0 1 0 0 2 0 0 0 0 0 3 0 16 36 
0 0 0 0 1 0 0 3 0 0 13 0 0 2 0 4 13 
1 0 0 0 1 0 0 1 0 2 6 0 0 18 0 17 41 
0 0 0 0 1 0 0 9 0 0 8 0 0 7 0 15 30 
0 0 0 0 1 0 0 1 0 0 8 0 0 6 0 29 69 
0 0 0 0 1 0 0 1 0 0 2 0 0 4 0 4 20 
0 0 0 0 1 0 0 2 0 0 1 0 0 4 0 6 11 
1 0 0 0 1 0 0 1 0 0 7 0 0 5 0 4 11 
12 0 0 0 1 0 0 1 0 0 24 0 0 134 0 161 435 
12 0 0 0 1 0 0 1 0 0 168 0 0 254 0 305 819 
12 0 0 0 1 0 0 1 0 0 24 0 0 134 0 161 435 
0 0 0 0 1 0 0 1 0 0 2 0 0 9 0 9 17 
0 0 0 0 1 0 0 1 0 1 4 0 0 11 0 11 24 
0 0 0 0 1 0 0 1 0 0 3 0 0 3 0 6 18 
0 0 0 0 1 0 0 1 0 0 1 0 0 3 0 6 20 
162 0 0 0 1 0 0 1 0 0 991 0 0 291 0 653 1518 
0 0 0 0 1 0 0 10 0 0 9 0 0 13 0 18 149 
1 0 0 0 1 0 0 1 0 0 0 0 0 2 0 5 4 
162 0 0 0 1 0 0 1 0 0 991 0 0 291 0 653 1518 
162 0 0 0 1 0 0 1 0 0 991 0 0 291 0 653 1518 
0 0 0 0 1 0 0 13 0 0 0 0 0 2 0 4 4 
1 0 0 0 1 0 0 1 0 0 0 0 0 2 0 6 7 
20 0 0 0 0 0 0 282 0 0 1320 0 0 1624 0 975 5780 
19 0 0 0 0 0 0 220 0 0 1595 0 0 1411 0 826 4969 
19 0 0 0 0 0 0 220 0 0 1603 0 0 1415 0 830 4993 
0 0 0 0 1 0 0 1 0 0 2 0 0 7 0 9 37 
0 0 0 0 0 0 0 195 0 0 196 0 0 2938 0 0 6072 
2 0 0 0 1 0 0 1 0 0 1 0 0 4 0 6 12 
0 0 0 0 1 0 0 1 0 0 2 0 0 2 0 5 11 
0 0 0 0 1 0 0 2 0 0 0 0 0 2 0 4 5 
2 0 0 0 1 0 0 1 0 0 0 0 0 3 0 9 9 
0 0 0 0 1 0 0 1 0 0 88 0 0 71 0 28 8365 
0 0 0 0 1 0 0 5 0 0 4 0 0 6 0 6 32 
0 0 0 0 1 0 0 1 0 0 1 0 0 4 0 8 14 
1 0 0 0 1 0 0 5 0 0 3 0 0 19 0 5 54 
1 0 0 0 1 0 0 2 0 0 0 0 0 3 0 5 10 
0 0 0 0 1 0 0 1 0 0 3 0 0 5 0 6 10 
1 0 0 0 1 0 0 22 0 0 12 0 0 38 0 5 61 
0 0 0 0 1 0 0 1 0 0 2 0 0 8 0 7 6 
0 0 0 0 1 0 0 2 0 0 2 0 0 3 0 4 7 
0 0 0 0 1 0 0 1 0 0 0 0 0 3 0 6 6 
1 0 0 0 1 0 0 8 0 0 0 0 0 9 0 5 16 
1 0 0 0 1 0 0 4 0 0 8 0 0 6 0 6 65 
0 0 0 0 1 0 0 4 0 0 13 0 0 9 0 13 113 
0 0 0 0 1 0 0 1 0 0 0 0 0 4 0 9 14 
1 0 0 0 1 0 0 2 0 0 0 0 0 4 0 8 8 
0 0 0 0 1 0 0 2 0 0 1 0 0 2 0 7 8 
1 0 0 0 1 0 0 1 0 0 2 0 0 5 0 5 13 
0 0 0 0 1 0 0 2 0 0 3 0 0 4 0 15 27 
1 0 0 0 1 0 0 1 0 0 1 0 0 5 0 5 13 
0 0 0 0 1 0 0 1 0 0 1 0 0 6 0 5 14 
16 0 0 0 1 0 0 7 0 0 14 0 0 64 0 64 348 
0 0 0 0 1 0 0 9 0 0 2 0 0 16 0 21 67 
1 0 0 0 1 0 0 1 0 0 2 0 0 5 0 7 30 
0 0 0 0 1 0 0 1 0 0 0 0 0 3 0 6 7 
2 0 0 0 1 0 0 2 0 0 3 0 0 2 0 8 14 
0 0 0 0 1 0 0 1 0 0 4 0 0 2 0 4 6 
0 0 0 0 1 0 0 6 0 0 4 0 0 13 0 6 57 
0 0 0 0 0 0 0 2131 0 0 0 0 0 3699 0 0 3701 
0 0 0 0 1 0 0 1 0 0 5 0 0 6 0 14 39 
0 0 0 0 1 0 0 5 0 0 2 0 0 4 0 10 30 
0 0 0 0 1 0 0 1 0 0 2 0 0 6 0 8 24 
0 0 0 0 1 0 0 1 0 0 0 0 0 5 0 6 6 
10 0 0 0 1 0 0 10 0 0 90 0 0 40 0 87 590 
2 0 0 0 1 0 0 9 0 0 4 0 0 7 0 8 31 
1 0 0 0 1 0 0 13 0 0 13 0 0 5 0 7 29 
0 0 0 0 1 0 0 1 0 0 0 0 0 3 0 5 4 
3 0 0 0 1 0 0 1 0 0 11 0 0 8 0 7 43 
0 0 0 0 1 0 0 1 0 0 0 0 0 34 0 12 153 
0 0 0 0 0 0 0 1090 0 0 1090 0 0 2179 0 2 2192 
0 0 0 0 1 0 0 114 0 0 4 0 0 141 0 8 406 
0 0 0 0 1 0 0 1 0 0 0 0 0 8 0 5 19 
0 0 0 0 1 0 0 1 0 0 3 0 0 3 0 7 11 
0 0 0 0 1 0 0 1 0 0 2 0 0 9 0 10 13 
0 0 0 0 1 0 0 1 0 0 1 0 0 3 0 5 6 
1 0 0 0 1 0 0 2 0 0 3 0 0 5 0 7 20 
1 0 0 0 1 0 0 1 0 0 4 0 0 5 0 7 21 
0 0 0 0 0 0 0 0 0 0 0 0 0 0 0 0 1 
0 0 0 0 1 0 0 15 0 0 1 0 0 19 0 7 30 
0 0 0 0 1 0 0 4 0 0 0 0 0 5 0 10 15 
0 0 0 0 1 0 0 1 0 0 0 0 0 3 0 7 10 
0 0 0 0 1 0 0 1 0 0 0 0 0 4 0 7 14 
1 0 0 0 1 0 0 1 0 0 1 0 0 3 0 6 9 
0 0 0 0 1 0 0 4 0 0 0 0 0 88 0 4 174 
1 0 0 0 1 0 0 56 0 0 5 0 0 102 0 5 230 
128 0 0 0 1 0 0 515 0 0 0 0 0 516 0 262 902 
0 0 0 0 1 0 0 15 0 0 7 0 0 10 0 6 72 
3 0 0 0 1 0 0 1 0 0 8 0 0 7 0 10 84 
2 0 0 0 1 0 0 6 0 0 0 0 0 6 0 7 21 
1 0 0 0 1 0 0 1 0 0 0 0 0 4 0 8 21 
3 0 0 0 1 0 0 5 0 0 0 0 0 9 0 10 17 
1 0 0 0 1 0 0 2 0 0 0 0 0 7 0 7 15 
1 0 0 0 1 0 0 2 0 0 0 0 0 7 0 7 15 
5 0 0 0 1 0 0 1 0 0 16 0 0 14 0 13 110 
0 0 0 0 1 0 0 1 0 0 2 0 0 5 0 5 26 
0 0 0 0 1 0 0 1 0 0 3 0 0 2 0 6 23 
0 0 0 0 1 0 0 2 0 0 1 0 0 2 0 7 14 
0 0 0 0 1 0 0 3 0 0 2 0 0 4 0 6 28 
0 0 0 0 1 0 0 2 0 0 0 0 0 4 0 6 10 
1 0 0 0 1 0 0 2 0 0 1 0 0 3 0 10 18 
6 0 0 0 1 0 0 9 0 0 8 0 0 15 0 24 81 
0 0 0 0 1 0 0 1 0 0 10 0 0 32 0 44 131 
0 0 0 0 1 0 0 1 0 0 0 0 0 3 0 5 4 
0 0 0 0 1 0 0 2 0 0 4 0 0 7 0 4 25 
2 0 0 0 1 0 0 1 0 0 9 0 0 27 0 15 113 
1 0 0 0 1 0 0 1 0 0 2 0 0 4 0 5 19 
0 0 0 0 0 0 0 0 0 0 0 0 0 1 0 1 3 
8 0 0 0 1 0 0 11 0 0 92 0 0 32 0 14 374 
0 0 0 0 1 0 0 131 0 0 2 0 0 68 0 8 20 
0 0 0 0 1 0 0 1 0 0 6 0 0 6 0 7 37 
0 0 0 0 0 0 0 0 0 0 0 0 0 0 0 0 0 
1 0 0 0 1 0 0 1 0 0 10 0 0 14 0 5 67 
0 0 0 0 1 0 0 1 0 0 2 0 0 4 0 9 11 
1 0 0 0 1 0 0 1 0 0 3 0 0 11 0 7 94 
0 0 0 0 1 0 0 1 0 0 3 0 0 3 0 4 12 
4 0 0 0 1 0 0 6 0 0 6 0 0 21 0 9 111 
0 0 0 0 1 0 0 2 0 0 0 0 0 13 0 14 22 
12 0 0 0 1 0 0 244 0 0 231 0 0 248 0 17 1218 
4 0 0 0 1 0 0 1 0 0 0 0 0 10 0 25 48 
0 0 0 0 1 0 0 1 0 0 0 0 0 6 0 29 44 
0 0 0 0 1 0 0 1 0 0 0 0 0 3 0 7 6 
1 0 0 0 1 0 0 14 0 0 26 0 0 159 0 6 248 
0 0 0 0 1 0 0 1 0 0 0 0 0 3 0 7 7 
0 0 0 0 1 0 0 1 0 0 0 0 0 3 0 4 5 
8 0 0 0 1 0 0 11 0 0 0 0 0 98 0 12 180 
0 0 0 0 1 0 0 3 0 0 2 0 0 3 0 6 6 
0 0 0 0 1 0 0 1 0 0 1 0 0 3 0 4 14 
1 0 0 0 1 0 0 1 0 0 2 0 0 4 0 5 25 
1 0 0 0 1 0 0 4 0 0 10 0 0 10 0 6 55 
0 0 0 0 1 0 0 1 0 0 2 0 0 8 0 12 39 
0 0 0 0 1 0 0 1 0 0 1 0 0 2 0 7 7 
2 0 0 0 1 0 0 1 0 0 4 0 0 3 0 8 15 
0 0 0 0 1 0 0 2 0 0 0 0 0 4 0 6 15 
2 0 0 0 1 0 0 1 0 0 0 0 0 6 0 7 11 
1 0 0 0 1 0 0 1 0 0 3 0 0 4 0 5 21 
1 0 0 0 1 0 0 1 0 0 0 0 0 5 0 6 8 
0 0 0 0 1 0 0 1 0 0 1 0 0 3 0 7 9 
1 0 0 0 1 0 0 1045 0 0 4 0 0 3134 0 8 2110 
1 0 0 0 1 0 0 19 0 0 4 0 0 51 0 5 117 
7 0 0 0 1 0 0 8 0 0 16 0 0 17 0 18 210 
3 0 0 0 1 0 0 6 0 0 20 0 0 12 0 7 161 
0 0 0 0 1 0 0 1 0 0 4 0 0 6 0 7 19 
2 0 0 0 1 0 0 1 0 0 2 0 0 4 0 6 25 
2 0 0 0 1 0 0 1 0 0 3 0 0 5 0 5 18 
0 0 0 0 1 0 0 1 0 0 2 0 0 3 0 6 17 
0 0 0 0 1 0 0 1 0 0 1 0 0 2 0 6 12 
0 0 0 0 1 0 0 1 0 0 0 0 0 5 0 8 15 
0 0 0 0 1 0 0 1 0 0 1 0 0 3 0 6 12 
0 0 0 0 1 0 0 1 0 0 0 0 0 3 0 7 7 
0 0 0 0 1 0 0 1 0 0 4 0 0 2 0 7 12 
0 0 0 0 1 0 0 31 0 0 0 0 0 38 0 14 95 
16 0 0 0 1 0 0 3 0 0 2 0 0 176 0 37 331 
1 0 0 0 1 0 0 19 0 0 2 0 0 194 0 6 155 
0 0 0 0 1 0 0 36 0 0 0 0 0 37 0 7 43 
1 0 0 0 1 0 0 2 0 0 2 0 0 4 0 6 9 
0 0 0 0 1 0 0 1 0 0 0 0 0 3 0 5 9 
0 0 0 0 1 0 0 1 0 0 3 0 0 5 0 8 35 
1 0 0 0 1 0 0 1 0 0 0 0 0 3 0 10 18 
1 0 0 0 1 0 0 2 0 0 6 0 0 6 0 6 37 
6 0 0 0 1 0 0 7 0 0 2 0 0 14 0 9 53 
1 0 0 0 1 0 0 1 0 0 4 0 0 5 0 5 22 
2 0 0 0 1 0 0 1 0 0 0 0 0 4 0 7 13 
0 0 0 0 1 0 0 1 0 0 4 0 0 4 0 5 22 
0 0 0 0 1 0 0 1 0 0 0 0 0 2 0 6 7 
0 0 0 0 1 0 0 1 0 0 2 0 0 5 0 6 15 
0 0 0 0 1 0 0 60 0 0 3 0 0 89 0 28 268 
0 0 0 0 1 0 0 61 0 0 3 0 0 89 0 28 268 
1 0 0 0 1 0 0 1 0 0 0 0 0 3 0 6 6 
1 0 0 0 1 0 0 62 0 0 31 0 0 97 0 4 340 
0 0 0 0 1 0 0 1 0 0 0 0 0 7 0 6 7 
1 0 0 0 1 0 0 6 0 0 3 0 0 11 0 6 30 
0 0 0 0 0 0 0 17 0 0 10 0 0 14 0 5 94 
1 0 0 0 1 0 0 1 0 0 6 0 0 2 0 9 28 
1 0 0 0 1 0 0 2 0 0 4 0 0 6 0 7 20 
0 0 0 0 1 0 0 1 0 0 0 0 0 4 0 9 14 
0 0 0 0 1 0 0 1 0 0 2 0 0 3 0 4 7 
1 0 0 0 1 0 0 1 0 0 3 0 0 2 0 6 21 
0 0 0 0 1 0 0 1 0 0 2 0 0 18 0 17 61 
0 0 0 0 1 0 0 1 0 0 2 0 0 5 0 6 27 
0 0 0 0 1 0 0 5 0 0 8 0 0 4 0 15 53 
4 0 0 0 1 0 0 1 0 0 12 0 0 14 0 17 77 
0 0 0 0 1 0 0 2 0 0 4 0 0 4 0 9 12 
1 0 0 0 1 0 0 5 0 0 7 0 0 9 0 4 12 
0 0 0 0 1 0 0 1 0 0 3 0 0 4 0 6 24 
1 0 0 0 1 0 0 54 0 0 19 0 0 37 0 23 166 
1 0 0 0 1 0 0 1 0 0 1 0 0 6 0 6 20 
0 0 0 0 1 0 0 21 0 0 19 0 0 38 0 4 59 
0 0 0 0 1 0 0 1 0 0 3 0 0 3 0 7 20 
0 0 0 0 1 0 0 1 0 0 2 0 0 8 0 16 43 
0 0 0 0 1 0 0 1 0 0 1 0 0 2 0 6 7 
3 0 0 0 1 0 0 9 0 0 3 0 0 9 0 12 67 
0 0 0 0 1 0 0 1 0 0 0 0 0 3 0 6 5 
0 0 0 0 1 0 0 1 0 0 1 0 0 2 0 4 6 
0 0 0 0 1 0 0 24 0 0 3 0 0 30 0 5 76 
1 0 0 0 1 0 0 1 0 0 1 0 0 2 0 6 12 
0 0 0 0 1 0 0 1 0 0 3 0 0 5 0 5 19 
0 0 0 0 1 0 0 6 0 0 7 0 0 13 0 44 59 
0 0 0 0 1 0 0 1 0 0 3 0 0 5 0 6 17 
0 0 0 0 1 0 0 2 0 0 1 0 0 4 0 6 14 
0 0 0 0 0 0 0 759 0 0 718 0 0 844 0 196 5488 
1 0 0 0 1 0 0 17 0 0 3 0 0 10 0 6 56 
3 0 0 0 1 0 0 3 0 0 0 0 0 5 0 10 21 
3 0 0 0 1 0 0 3 0 0 6 0 0 8 0 7 30 
9 0 0 0 0 0 0 1272 0 0 9 0 0 1327 0 13 5297 
0 0 0 0 0 0 0 0 0 0 1 0 0 1930 0 971 7729 
1 0 0 0 1 0 0 5 0 0 4 0 0 27 0 16 143 
5 0 0 0 1 0 0 3 0 0 6 0 0 7 0 19 117 
0 0 0 0 1 0 0 1 0 0 0 0 0 3 0 4 10 
1 0 0 0 1 0 0 2 0 0 3 0 0 7 0 7 17 
1 0 0 0 1 0 0 1 0 0 0 0 0 3 0 5 10 
0 0 0 0 1 0 0 1 0 0 0 0 0 2 0 6 11 
0 0 0 0 1 0 0 1 0 0 1 0 0 2 0 6 7 
0 0 0 0 1 0 0 2 0 0 2 0 0 4 0 6 20 
0 0 0 0 1 0 0 1 0 0 0 0 0 2 0 4 3 
2 0 0 0 1 0 0 27 0 0 6 0 0 58 0 6 172 
0 0 0 0 1 0 0 1 0 0 0 0 0 2 0 4 3 
0 0 0 0 1 0 0 1 0 0 1 0 0 2 0 6 6 
0 0 0 0 1 0 0 1 0 0 0 0 0 3 0 6 10 
1 0 0 0 1 0 0 1 0 0 1 0 0 9 0 6 20 
2 0 0 0 1 0 0 1 0 0 0 0 0 8 0 14 35 
6 0 0 0 1 0 0 21 0 0 12 0 0 14 0 22 112 
0 0 0 0 1 0 0 9 0 0 19 0 0 50 0 6 180 
2 0 0 0 1 0 0 1 0 0 1 0 0 4 0 7 12 
0 0 0 0 1 0 0 1 0 0 3 0 0 5 0 12 15 
0 0 0 0 1 0 0 2 0 0 6 0 0 3 0 6 11 
0 0 0 0 0 0 0 0 0 0 1 0 0 1 0 1 14 
0 0 0 0 1 0 0 2 0 0 0 0 0 4 0 6 8 
0 0 0 0 1 0 0 1 0 0 0 0 0 5 0 4 6 
0 0 0 0 1 0 0 3 0 0 3 0 0 11 0 5 42 
0 0 0 0 1 0 0 1 0 0 3 0 0 4 0 5 16 
0 0 0 0 1 0 0 1 0 0 1 0 0 4 0 6 9 
0 0 0 0 1 0 0 1 0 0 1 0 0 5 0 6 23 
1 0 0 0 1 0 0 103 0 0 2 0 0 110 0 5 325 
0 0 0 0 1 0 0 1 0 0 0 0 0 2 0 4 3 
0 0 0 0 1 0 0 1 0 0 0 0 0 2 0 4 3 
1 0 0 0 1 0 0 8 0 0 6 0 0 6 0 6 104 
0 0 0 0 1 0 0 1 0 0 3 0 0 3 0 4 7 
0 0 0 0 1 0 0 1 0 0 4 0 0 11 0 7 41 
0 0 0 0 1 0 0 1 0 0 0 0 0 3 0 4 4 
0 0 0 0 1 0 0 2 0 0 0 0 0 2 0 4 4 
0 0 0 0 1 0 0 1 0 0 13 0 0 13 0 28 229 
0 0 0 0 1 0 0 1 0 0 0 0 0 2 0 4 4 
0 0 0 0 1 0 0 1 0 0 0 0 0 2 0 4 3 
1 0 0 0 1 0 0 1 0 0 0 0 0 4 0 6 17 
5 0 0 0 1 0 0 7 0 0 3 0 0 7 0 11 45 
0 0 0 0 1 0 0 1 0 0 1 0 0 4 0 5 18 
0 0 0 0 1 0 0 1 0 0 2 0 0 3 0 6 13 
1 0 0 0 1 0 0 1 0 0 0 0 0 3 0 6 13 
1 0 0 0 1 0 0 3 0 0 0 0 0 4 0 9 25 
5 0 0 0 1 0 0 7 0 0 2 0 0 4 0 15 46 
0 0 0 0 1 0 0 1 0 0 0 0 0 3 0 6 7 
0 0 0 0 1 0 0 1 0 0 5 0 0 3 0 6 17 
0 0 0 0 1 0 0 1 0 0 1 0 0 2 0 6 6 
0 0 0 0 1 0 0 2 0 0 0 0 0 3 0 7 13 
3 0 0 0 1 0 0 3 0 0 2 0 0 3 0 9 13 
4 0 0 0 1 0 0 1 0 0 3 0 0 5 0 9 40 
0 0 0 0 1 0 0 1 0 0 0 0 0 3 0 6 6 
0 0 0 0 1 0 0 1 0 0 0 0 0 3 0 6 9 
0 0 0 0 1 0 0 2 0 0 2 0 0 3 0 11 17 
0 0 0 0 1 0 0 1 0 0 0 0 0 5 0 6 9 
1 0 0 0 1 0 0 2 0 0 2 0 0 3 0 6 16 
0 0 0 0 1 0 0 1 0 0 3 0 0 4 0 6 12 
0 0 0 0 1 0 0 1 0 0 1 0 0 6 0 6 11 
0 0 0 0 1 0 0 2 0 0 1 0 0 3 0 5 7 
1 0 0 0 1 0 0 1 0 0 1 0 0 2 0 6 7 
0 0 0 0 1 0 0 1 0 0 0 0 0 4 0 6 15 
0 0 0 0 1 0 0 1 0 0 4 0 0 2 0 8 13 
1 0 0 0 1 0 0 1 0 0 1 0 0 4 0 5 12 
8 0 0 0 1 0 0 7 0 0 1 0 0 14 0 16 86 
1 0 0 0 1 0 0 2 0 0 1 0 0 9 0 6 30 
0 0 0 0 1 0 0 1 0 0 1 0 0 3 0 6 7 
0 0 0 0 1 0 0 17 0 0 28 0 0 248 0 228 1314 
2 0 0 0 1 0 0 3 0 0 0 0 0 2 0 14 16 
1 0 0 0 1 0 0 13 0 0 2 0 0 12 0 6 17 
0 0 0 0 1 0 0 2 0 0 1 0 0 7 0 5 19 
0 0 0 0 1 0 0 1 0 0 0 0 0 3 0 4 5 
1 0 0 0 1 0 0 4 0 0 1 0 0 2 0 6 11 
0 0 0 0 1 0 0 538 0 0 1 0 0 1618 0 4 1350 
0 0 0 0 1 0 0 1 0 0 4 0 0 3 0 6 8 
0 0 0 0 1 0 0 2 0 0 2 0 0 3 0 10 15 
0 0 0 0 1 0 0 2 0 0 1 0 0 4 0 8 10 
32 0 0 0 1 0 0 238 0 0 1 0 0 642 0 36 678 
1 0 0 0 1 0 0 1 0 0 2 0 0 3 0 5 9 
2 0 0 0 1 0 0 3 0 0 0 0 0 4 0 6 13 
0 0 0 0 1 0 0 1 0 0 0 0 0 4 0 6 9 
0 0 0 0 1 0 0 1 0 0 7 0 0 3 0 6 16 
0 0 0 0 1 0 0 2 0 0 0 0 0 3 0 6 13 
0 0 0 0 1 0 0 1 0 0 2 0 0 2 0 6 10 
0 0 0 0 1 0 0 1 0 0 1 0 0 3 0 5 9 
1 0 0 0 1 0 0 2 0 0 1 0 0 3 0 5 10 
0 0 0 0 0 0 0 512 0 0 0 0 0 1021 0 1022 5618 
0 0 0 0 1 0 0 1 0 0 0 0 0 9 0 12 27 
2 0 0 0 1 0 0 5 0 0 0 0 0 8 0 5 28 
0 0 0 0 1 0 0 1 0 0 6 0 0 6 0 6 17 
10 0 0 0 1 0 0 1 0 0 1 0 0 9 0 17 55 
1 0 0 0 1 0 0 1 0 0 1 0 0 6 0 5 21 
1 0 0 0 1 0 0 9 0 0 4 0 0 31 0 5 63 
1 0 0 0 1 0 0 1 0 0 4 0 0 12 0 5 17 
1 0 0 0 1 0 0 9 0 0 7 0 0 37 0 5 71 
1 0 0 0 1 0 0 1 0 0 1 0 0 15 0 5 18 
1 0 0 0 1 0 0 9 0 0 4 0 0 43 0 5 75 
1 0 0 0 1 0 0 10 0 0 4 0 0 25 0 5 69 
1 0 0 0 1 0 0 1 0 0 1 0 0 6 0 5 15 
1 0 0 0 1 0 0 10 0 0 4 0 0 25 0 5 60 
1 0 0 0 1 0 0 1 0 0 1 0 0 9 0 5 18 
1 0 0 0 1 0 0 9 0 0 4 0 0 31 0 5 69 
1 0 0 0 1 0 0 1 0 0 1 0 0 6 0 5 15 
1 0 0 0 1 0 0 10 0 0 4 0 0 25 0 5 60 
1 0 0 0 1 0 0 1 0 0 1 0 0 9 0 5 15 
0 0 0 0 1 0 0 1 0 0 0 0 0 3 0 6 10 
2 0 0 0 1 0 0 5 0 0 3 0 0 13 0 7 34 
0 0 0 0 1 0 0 1 0 0 1 0 0 2 0 6 9 
1 0 0 0 1 0 0 2 0 0 2 0 0 5 0 9 24 
2 0 0 0 1 0 0 1 0 0 0 0 0 6 0 6 15 
0 0 0 0 1 0 0 3 0 0 1 0 0 2 0 6 12 
0 0 0 0 1 0 0 2 0 0 4 0 0 3 0 6 11 
0 0 0 0 1 0 0 2 0 0 4 0 0 3 0 6 11 
0 0 0 0 1 0 0 13 0 0 10 0 0 2 0 4 24 
0 0 0 0 1 0 0 1 0 0 1 0 0 5 0 4 9 
0 0 0 0 1 0 0 1 0 0 0 0 0 4 0 6 8 
0 0 0 0 1 0 0 1 0 0 0 0 0 3 0 6 8 
0 0 0 0 1 0 0 1 0 0 1 0 0 3 0 6 11 
2 0 0 0 1 0 0 1 0 0 4 0 0 5 0 6 14 
0 0 0 0 1 0 0 1 0 0 0 0 0 4 0 4 7 
0 0 0 0 0 0 0 0 0 0 0 0 0 1 0 1 3 
0 0 0 0 1 0 0 3 0 0 0 0 0 5 0 12 20 
1 0 0 0 1 0 0 2 0 0 0 0 0 2 0 6 10 
0 0 0 0 1 0 0 1 0 0 0 0 0 3 0 6 10 
0 0 0 0 1 0 0 1 0 0 2 0 0 6 0 6 24 
0 0 0 0 1 0 0 2 0 0 0 0 0 7 0 6 13 
0 0 0 0 1 0 0 2 0 0 2 0 0 2 0 6 12 
2 0 0 0 1 0 0 1 0 0 2 0 0 9 0 6 25 
0 0 0 0 1 0 0 1 0 0 2 0 0 5 0 7 20 
0 0 0 0 1 0 0 3 0 0 1 0 0 6 0 6 18 
2 0 0 0 1 0 0 2 0 0 0 0 0 4 0 10 25 
0 0 0 0 1 0 0 1 0 0 0 0 0 6 0 4 15 
0 0 0 0 1 0 0 1 0 0 0 0 0 3 0 4 11 
0 0 0 0 1 0 0 1 0 0 1 0 0 4 0 4 17 
0 0 0 0 1 0 0 3 0 0 0 0 0 6 0 12 23 
1 0 0 0 1 0 0 1 0 0 0 0 0 3 0 5 8 
0 0 0 0 1 0 0 1 0 0 0 0 0 2 0 4 4 
0 0 0 0 1 0 0 4 0 0 0 0 0 10 0 6 43 
0 0 0 0 1 0 0 77 0 0 88 0 0 134 0 180 708 
0 0 0 0 1 0 0 2 0 0 2 0 0 4 0 6 17 
0 0 0 0 1 0 0 1 0 0 56 0 0 10 0 16 100 
0 0 0 0 1 0 0 23 0 0 8 0 0 10 0 20 75 
0 0 0 0 1 0 0 1 0 0 1 0 0 7 0 10 18 
1 0 0 0 1 0 0 7 0 0 3 0 0 6 0 5 11 
1 0 0 0 1 0 0 6 0 0 0 0 0 12 0 4 24 
1 0 0 0 1 0 0 1 0 0 1 0 0 4 0 6 49 
12 0 0 0 1 0 0 2 0 0 11 0 0 3 0 27 72 
0 0 0 0 1 0 0 2 0 0 1 0 0 3 0 6 7 
1 0 0 0 1 0 0 1 0 0 3 0 0 3 0 6 30 
0 0 0 0 1 0 0 35 0 0 0 0 0 34 0 132 324 
2 0 0 0 1 0 0 1 0 0 0 0 0 4 0 7 8 
100 0 0 0 1 0 0 103 0 0 1 0 0 102 0 204 606 
0 0 0 0 1 0 0 1 0 0 4 0 0 3 0 7 12 
1 0 0 0 1 0 0 1 0 0 1 0 0 5 0 7 17 
0 0 0 0 1 0 0 2 0 0 2 0 0 2 0 6 12 
0 0 0 0 1 0 0 2 0 0 0 0 0 2 0 4 4 
1 0 0 0 1 0 0 2 0 0 0 0 0 4 0 7 19 
1 0 0 0 1 0 0 1 0 0 0 0 0 3 0 5 6 
0 0 0 0 1 0 0 2 0 0 3 0 0 3 0 6 11 
0 0 0 0 1 0 0 2 0 0 9 0 0 20 0 6 28 
20 0 0 0 1 0 0 25 0 0 25 0 0 29 0 36 92 
20 0 0 0 1 0 0 25 0 0 25 0 0 29 0 36 92 
20 0 0 0 1 0 0 1 0 0 49 0 0 29 0 36 108 
1 0 0 0 1 0 0 1 0 0 1 0 0 4 0 6 51 
0 0 0 0 1 0 0 3 0 0 5 0 0 2 0 6 16 
0 0 0 0 1 0 0 1 0 0 0 0 0 4 0 6 7 
0 0 0 0 1 0 0 1 0 0 0 0 0 3 0 4 4 
2 0 0 0 1 0 0 1 0 0 2 0 0 8 0 7 16 
0 0 0 0 1 0 0 1 0 0 1 0 0 3 0 6 8 
0 0 0 0 1 0 0 2 0 0 0 0 0 2 0 4 4 
0 0 0 0 1 0 0 1 0 0 0 0 0 5 0 4 8 
1 0 0 0 1 0 0 1 0 0 0 0 0 3 0 5 8 
0 0 0 0 1 0 0 10 0 0 8 0 0 2 0 4 20 
0 0 0 0 1 0 0 1 0 0 4 0 0 3 0 5 15 
0 0 0 0 1 0 0 1 0 0 2 0 0 4 0 6 11 
0 0 0 0 0 0 0 0 0 0 0 0 0 0 0 0 2 
0 0 0 0 1 0 0 1 0 0 17 0 0 4 0 6 22 
0 0 0 0 1 0 0 1 0 0 0 0 0 4 0 8 15 
2 0 0 0 1 0 0 1 0 0 3 0 0 4 0 11 22 
0 0 0 0 1 0 0 1 0 0 0 0 0 2 0 4 3 
1 0 0 0 1 0 0 3 0 0 2 0 0 4 0 7 15 
0 0 0 0 1 0 0 5 0 0 2 0 0 3 0 4 8 
0 0 0 0 1 0 0 1 0 0 0 0 0 2 0 4 4 
0 0 0 0 0 0 0 2133 0 0 0 0 0 0 0 0 0 
0 0 0 0 1 0 0 2 0 0 1 0 0 3 0 8 13 
0 0 0 0 1 0 0 2 0 0 1 0 0 2 0 6 8 
2 0 0 0 1 0 0 1 0 0 0 0 0 6 0 8 20 
0 0 0 0 1 0 0 3 0 0 1 0 0 2 0 6 7 
0 0 0 0 1 0 0 3 0 0 2 0 0 13 0 6 35 
0 0 0 0 1 0 0 5 0 0 4 0 0 2 0 12 19 
0 0 0 0 1 0 0 8 0 0 1 0 0 24 0 6 76 
0 0 0 0 1 0 0 1 0 0 0 0 0 2 0 4 3 
0 0 0 0 1 0 0 1 0 0 0 0 0 2 0 4 3 
0 0 0 0 1 0 0 1 0 0 1 0 0 4 0 6 15 
0 0 0 0 1 0 0 3 0 0 2 0 0 2 0 8 13 
1 0 0 0 1 0 0 4 0 0 3 0 0 6 0 5 32 
0 0 0 0 1 0 0 1 0 0 4 0 0 3 0 5 41 
2 0 0 0 1 0 0 1 0 0 1 0 0 3 0 7 11 
0 0 0 0 1 0 0 1 0 0 0 0 0 2 0 8 16 
0 0 0 0 1 0 0 1 0 0 0 0 0 3 0 6 8 
1 0 0 0 1 0 0 2 0 0 1 0 0 2 0 6 9 
0 0 0 0 1 0 0 1 0 0 2 0 0 5 0 7 19 
0 0 0 0 1 0 0 1 0 0 0 0 0 5 0 5 18 
0 0 0 0 1 0 0 1 0 0 0 0 0 2 0 4 3 
0 0 0 0 1 0 0 1 0 0 1 0 0 31 0 20 77 
0 0 0 0 1 0 0 3 0 0 2 0 0 4 0 8 30 
0 0 0 0 1 0 0 102 0 0 0 0 0 2 0 4 4 
0 0 0 0 1 0 0 1 0 0 6 0 0 2 0 4 9 
0 0 0 0 1 0 0 2 0 0 0 0 0 3 0 4 8 
1 0 0 0 1 0 0 1 0 0 2 0 0 35 0 46 148 
0 0 0 0 1 0 0 1 0 0 1 0 0 3 0 8 15 
1 0 0 0 1 0 0 1 0 0 1 0 0 4 0 5 12 
1 0 0 0 1 0 0 1 0 0 0 0 0 4 0 5 10 
0 0 0 0 1 0 0 1 0 0 1 0 0 5 0 7 23 
1 0 0 0 1 0 0 6 0 0 11 0 0 11 0 6 51 
3 0 0 0 1 0 0 18 0 0 3 0 0 27 0 5 91 
2 0 0 0 1 0 0 4 0 0 1 0 0 4 0 6 14 
0 0 0 0 1 0 0 68 0 0 45 0 0 210 0 184 367 
1 0 0 0 1 0 0 2 0 0 4 0 0 3 0 10 18 
0 0 0 0 1 0 0 1 0 0 0 0 0 4 0 5 17 
1 0 0 0 1 0 0 1 0 0 0 0 0 4 0 6 5 
0 0 0 0 1 0 0 2 0 0 1 0 0 3 0 6 16 
0 0 0 0 1 0 0 2 0 0 0 0 0 4 0 6 18 
0 0 0 0 1 0 0 1 0 0 1 0 0 2 0 7 12 
9 0 0 0 1 0 0 57 0 0 35 0 0 47 0 4 332 
1 0 0 0 1 0 0 3 0 0 0 0 0 4 0 6 9 
2 0 0 0 1 0 0 26 0 0 13 0 0 16 0 29 474 
1 0 0 0 1 0 0 1 0 0 0 0 0 4 0 8 13 
5 0 0 0 1 0 0 1 0 0 0 0 0 4 0 12 26 
2 0 0 0 1 0 0 35 0 0 0 0 0 4 0 7 9 
0 0 0 0 1 0 0 2 0 0 0 0 0 11 0 4 12 
0 0 0 0 1 0 0 2 0 0 2 0 0 3 0 5 8 
0 0 0 0 1 0 0 31 0 0 132 0 0 62 0 72 204 
1 0 0 0 1 0 0 230 0 0 0 0 0 102 0 4 438 
0 0 0 0 1 0 0 2 0 0 2 0 0 6 0 10 18 
1 0 0 0 1 0 0 2 0 0 2 0 0 68 0 6 853 
2 0 0 0 1 0 0 11 0 0 6 0 0 18 0 5 55 
1 0 0 0 1 0 0 4 0 0 2 0 0 4 0 5 17 
1 0 0 0 1 0 0 1 0 0 4 0 0 8 0 6 21 
10 0 0 0 1 0 0 12 0 0 0 0 0 13 0 23 70 
0 0 0 0 1 0 0 1 0 0 0 0 0 2 0 4 3 
1 0 0 0 1 0 0 11 0 0 1 0 0 3 0 7 27 
0 0 0 0 0 0 0 0 0 0 0 0 0 2 0 3 7 
0 0 0 0 1 0 0 2 0 0 0 0 0 4 0 8 16 
0 0 0 0 1 0 0 16 0 0 2 0 0 15 0 7 111 
0 0 0 0 1 0 0 1 0 0 0 0 0 2 0 5 3 
0 0 0 0 1 0 0 1 0 0 4 0 0 7 0 10 39 
0 0 0 0 1 0 0 2 0 0 0 0 0 2 0 6 6 
0 0 0 0 1 0 0 2 0 0 3 0 0 5 0 8 17 
0 0 0 0 1 0 0 1 0 0 0 0 0 5 0 11 12 
0 0 0 0 1 0 0 4 0 0 5 0 0 28 0 7 150 
0 0 0 0 1 0 0 23 0 0 0 0 0 2 0 24 24 
0 0 0 0 1 0 0 11 0 0 0 0 0 3 0 6 6 
0 0 0 0 1 0 0 2 0 0 0 0 0 2 0 4 4 
0 0 0 0 1 0 0 2 0 0 2 0 0 6 0 6 22 
0 0 0 0 1 0 0 1 0 0 22 0 0 10 0 12 49 
2 0 0 0 1 0 0 19 0 0 0 0 0 4 0 6 396 
0 0 0 0 1 0 0 6 0 0 0 0 0 17 0 4 41 
0 0 0 0 1 0 0 1 0 0 1 0 0 4 0 6 8 
0 0 0 0 1 0 0 1 0 0 0 0 0 4 0 10 17 
8 0 0 0 1 0 0 1 0 0 0 0 0 24 0 12 90 
8 0 0 0 1 0 0 79 0 0 24 0 0 208 0 12 484 
1 0 0 0 1 0 0 15 0 0 0 0 0 14 0 6 20 
0 0 0 0 1 0 0 1 0 0 0 0 0 2 0 4 4 
0 0 0 0 1 0 0 1 0 0 0 0 0 5 0 6 11 
0 0 0 0 1 0 0 2 0 0 1 0 0 2 0 4 6 
1 0 0 0 1 0 0 1 0 0 1 0 0 2 0 7 9 
0 0 0 0 1 0 0 1 0 0 0 0 0 3 0 5 7 
1 0 0 0 1 0 0 1 0 0 0 0 0 4 0 7 9 
0 0 0 0 1 0 0 2 0 0 0 0 0 3 0 4 9 
0 0 0 0 1 0 0 1 0 0 0 0 0 2 0 5 3 
0 0 0 0 1 0 0 15 0 0 0 0 0 16 0 5 8 
0 0 0 0 1 0 0 1 0 0 0 0 0 2 0 5 3 
1 0 0 0 1 0 0 5 0 3 8 0 0 29 0 17 54 
0 0 0 0 1 0 0 1 0 0 6 0 0 8 0 6 14 
0 0 0 0 1 0 0 1 0 0 0 0 0 3 0 4 7 
0 0 0 0 1 0 0 3 0 0 2 0 0 12 0 12 35 
10 0 0 0 0 0 0 286 0 0 877 0 0 1926 0 512 5742 
10 0 0 0 0 0 0 284 0 0 888 0 0 1909 0 510 5715 
0 0 0 0 0 0 0 1 0 0 2 0 0 0 0 0 11 
1 0 0 0 1 0 0 151 0 0 0 0 0 194 0 196 1604 
2 0 0 0 1 0 0 301 0 0 0 0 0 386 0 388 3204 
0 0 0 0 1 0 0 1 0 0 0 0 0 2 0 5 3 
0 0 0 0 1 0 0 1 0 0 19 0 0 6 0 8 36 
0 0 0 0 1 0 0 1 0 0 0 0 0 2 0 4 3 
1 0 0 0 1 0 0 1 0 0 3 0 0 5 0 5 15 
0 0 0 0 1 0 0 1 0 0 6 0 0 5 0 4 7 
0 0 0 0 1 0 0 7 0 0 10 0 0 8 0 4 8 
0 0 0 0 1 0 0 1 0 0 8 0 0 10 0 4 22 
0 0 0 0 1 0 0 1 0 0 0 0 0 2 0 4 3 
0 0 0 0 1 0 0 1 0 0 126 0 0 55 0 4 63 
0 0 0 0 1 0 0 1 0 0 2 0 0 4 0 5 5 
4 0 0 0 1 0 0 1 0 0 16 0 0 10 0 8 43 
0 0 0 0 1 0 0 1 0 0 1 0 0 3 0 5 3 
0 0 0 0 1 0 0 1 0 0 1 0 0 3 0 5 3 
0 0 0 0 1 0 0 1 0 0 16 0 0 20 0 30 180 
0 0 0 0 1 0 0 1 0 0 28 0 0 14 0 16 89 
27 0 0 0 1 0 0 942 22 0 1715 0 0 1350 0 87 5612 
2 0 0 0 1 0 0 1 0 0 0 0 0 2 0 8 10 
4 0 0 0 1 0 0 1 0 0 0 0 0 2 0 12 37 
7 0 0 0 1 0 0 1 0 0 4 0 0 24 0 16 82 
3 0 0 0 1 0 0 1 0 0 0 0 0 22 0 10 54 
0 0 0 0 1 0 0 1 0 0 22 0 0 61 0 50 210 
8 0 0 0 1 0 0 1 0 0 0 0 0 9 0 20 41 
3 0 0 0 1 0 0 201 0 0 0 0 0 68 0 10 782 
0 0 0 0 1 0 0 3 0 0 4 0 0 361 0 9 497 
0 0 0 0 1 0 0 1 0 0 14 0 0 4 0 6 32 
0 0 0 0 1 0 0 1 0 0 0 0 0 2 0 4 3 
0 0 0 0 1 0 0 1 0 0 0 0 0 2 0 5 5 
0 0 0 0 1 0 0 2 0 0 8 0 0 9 0 5 44 
0 0 0 0 0 0 0 538 0 0 0 0 0 1049 0 1049 8049 
0 0 0 0 1 0 0 658 0 0 0 0 0 386 0 772 3916 
0 0 0 0 1 0 0 3 0 0 2 0 0 6 0 6 17 
0 0 0 0 0 0 0 565 0 0 0 0 0 1103 0 1104 7912 
18 0 0 0 1 0 0 14 0 0 0 0 0 62 0 23 171 
0 0 0 0 1 0 0 3 0 0 1 0 0 4 0 7 12 
21 0 0 0 1 0 0 7 0 0 0 0 0 48 0 26 169 
0 0 0 0 0 0 0 0 0 0 1 0 0 0 0 0 3 
0 0 0 0 0 0 0 0 0 0 1 0 0 1501 0 756 6013 
0 0 0 0 1 0 0 3 0 0 0 0 0 3 0 11 19 
0 0 0 0 1 0 0 1 0 0 2 0 0 4 0 6 17 
0 0 0 0 1 0 0 3 0 0 0 0 0 2 0 6 8 
0 0 0 0 1 0 0 1 0 0 0 0 0 2 0 4 3 
0 0 0 0 1 0 0 3 0 0 3 0 0 3 0 8 48 
5 0 0 0 1 0 0 1 0 0 13 0 0 14 0 23 112 
3 0 0 0 1 0 0 1 0 0 15 0 0 22 0 7 99 
0 0 0 0 1 0 0 2 0 0 7 0 0 4 0 4 13 
0 0 0 0 1 0 0 1 0 0 0 0 0 4 0 4 10 
4 0 0 0 1 0 0 111 0 0 108 0 0 101 0 320 478 
0 0 0 0 1 0 0 3 0 0 0 0 0 8 0 26 20 
0 0 0 0 1 0 0 44 0 0 3 0 0 8 0 22 48 
0 0 0 0 1 0 0 1 0 0 54 0 0 112 0 221 409 
0 0 0 0 1 0 0 1 0 0 12 0 0 62 0 53 123 
0 0 0 0 0 0 0 80 0 0 476 0 0 474 0 1902 5706 
0 0 0 0 1 0 0 1 0 0 30 0 0 72 0 125 233 
0 0 0 0 1 0 0 1 0 0 0 0 0 4 0 9 11 
1 0 0 0 1 0 0 1 0 0 1 0 0 6 0 6 26 
0 0 0 0 1 0 0 6 0 0 9 0 0 22 0 22 98 
0 0 0 0 1 0 0 1 0 0 0 0 0 8 0 8 16 
0 0 0 0 1 0 0 1 0 0 6 0 0 6 0 24 66 
0 0 0 0 1 0 0 1 0 0 0 0 0 259 0 4 517 
0 0 0 0 0 0 0 0 0 0 0 0 0 2172 0 0 4344 
0 0 0 0 0 0 0 0 0 0 2 0 0 1 0 1 4 
0 0 0 0 1 0 0 4 0 0 1 0 0 4 0 6 9 
0 0 0 0 1 0 0 5 0 0 0 0 0 2 0 4 4 
0 0 0 0 1 0 0 2 0 0 2 0 0 2 0 4 10 
0 0 0 0 1 0 0 2 0 0 4 0 0 2 0 7 8 
0 0 0 0 1 0 0 1 1 0 1 0 0 3 0 4 5 
0 0 0 0 1 0 0 11 8 0 0 0 0 27 0 4 53 
0 0 0 0 1 0 0 4 0 0 1 0 0 2 0 4 5 
0 0 0 0 0 0 0 0 0 0 0 0 0 0 0 0 4 
0 0 0 0 0 0 0 0 0 0 0 0 0 0 0 0 5 
0 0 0 0 1 0 0 5 0 0 9 0 0 13 0 9 41 
0 0 0 0 1 0 0 2 0 0 0 0 0 2 0 6 6 
0 0 0 0 1 0 0 15 0 0 18 0 0 6 0 72 57 
0 0 0 0 1 0 0 2 0 0 1 0 0 2 0 7 7 
0 0 0 0 1 0 0 1 0 0 0 0 0 4 0 6 8 
0 0 0 0 1 0 0 1 0 0 0 0 0 2 0 4 3 
1 0 0 0 1 0 0 2 0 0 7 0 0 6 0 5 37 
1 0 0 0 1 0 0 264 0 259 969 0 0 149 0 57 3794 
49 0 0 0 1 0 0 1 0 0 0 0 0 98 0 150 557 
0 0 0 0 1 0 0 1 0 0 0 0 0 2 0 6 13 
0 0 0 0 0 0 0 0 0 0 0 0 0 0 0 0 4 
1 0 0 0 1 0 0 1 0 0 5 0 0 6 0 6 29 
0 0 0 0 1 0 0 11 0 0 1 0 0 5 0 4 27 
2 0 0 0 1 0 0 3 0 0 0 0 0 5 0 8 11 
1 0 0 0 1 0 0 403 0 0 0 0 0 201 0 6 1001 
1 0 0 0 1 0 0 3 0 0 4 0 0 15 0 15 29 
1 0 0 0 1 0 0 19 0 0 2 0 0 50 0 6 175 
1 0 0 0 1 0 0 2 0 0 0 0 0 4 0 6 20 
25 0 0 0 1 0 0 532 0 0 2 0 0 482 0 54 1592 
1 0 0 0 1 0 0 5 0 0 0 0 0 9 0 6 23 
2 0 0 0 1 0 0 2 0 0 0 0 0 8 0 6 15 
1 0 0 0 1 0 0 2 0 0 0 0 0 12 0 6 30 
1 0 0 0 1 0 0 43 0 0 2 0 0 44 0 6 299 
0 0 0 0 1 0 0 1 0 0 0 0 0 2 0 4 8 
0 0 0 0 1 0 0 1 0 0 0 0 0 2 0 4 8 
5 0 0 0 1 0 0 1 0 0 0 0 0 16 0 13 46 
5 0 0 0 1 0 0 1 0 0 0 0 0 8 0 13 38 
2 0 0 0 1 0 0 6 0 0 4 0 0 2 0 8 45 
0 0 0 0 1 0 0 16 0 0 0 0 0 3 0 6 6 
0 0 0 0 1 0 0 2 0 0 0 0 0 3 0 6 6 
1 0 0 0 1 0 0 12 0 0 3 0 0 21 0 9 74 
1 0 0 0 1 0 0 10 0 0 0 0 0 18 0 4 44 
1 0 0 0 1 0 0 11 0 0 0 0 0 10 0 5 36 
1 0 0 0 1 0 0 6 0 0 1 0 0 3 0 5 15 
0 0 0 0 1 0 0 3 0 0 1 0 0 2 0 6 9 
1 0 0 0 1 0 0 21 0 0 2 0 0 23 0 6 63 
1 0 0 0 1 0 0 1571 0 0 2 0 0 1155 0 5 2027 
1 0 0 0 1 0 0 151 0 0 0 0 0 194 0 196 1604 
1 0 0 0 1 0 0 1 0 0 0 0 0 3 0 9 17 
0 0 0 0 1 0 0 1 0 0 1 0 0 4 0 4 10 
0 0 0 0 1 0 0 1 0 0 2 0 0 4 0 6 12 
1 0 0 0 1 0 0 1 0 0 2 0 0 4 0 8 17 
2 0 0 0 1 0 0 1 0 0 2 0 0 4 0 8 9 
0 0 0 0 0 0 0 1466 0 0 1 0 0 0 0 0 7325 
0 0 0 0 0 0 0 1538 0 0 0 0 0 1614 0 0 3708 
80 0 0 0 1 0 0 83 0 0 80 0 0 563 0 84 2231 
0 0 0 0 0 0 0 1689 0 0 66 0 0 2008 0 0 3287 
65 0 0 0 0 0 0 1497 0 0 0 0 0 2140 0 83 3223 
61 0 0 0 0 0 0 1502 0 0 0 0 0 2060 0 78 3126 
1 0 0 0 1 0 0 35 0 0 17 0 0 34 0 6 119 
1 0 0 0 1 0 0 1 0 0 1 0 0 3 0 5 11 
1 0 0 0 1 0 0 294 0 0 482 0 0 578 0 6 3479 
0 0 0 0 1 0 0 1 0 0 0 0 0 4 0 7 12 
2 0 0 0 0 0 0 18 0 0 198 0 0 361 0 109 2050 
3 0 0 0 1 0 0 1 0 0 6 0 0 7 0 8 29 
1 0 0 0 1 0 0 1 0 0 3 0 0 6 0 8 32 
0 0 0 0 0 0 0 556 0 0 1 0 0 2552 0 787 6691 
0 0 0 0 0 0 0 436 0 0 1 0 0 1568 0 1085 6771 
0 0 0 0 0 0 0 501 0 0 0 0 0 2501 0 1000 5002 
0 0 0 0 1 0 0 11 0 0 11 0 0 27 0 71 205 
0 0 0 0 1 0 0 1 0 0 1 0 0 6 0 9 30 
0 0 0 0 1 0 0 2 0 0 3 0 0 15 0 8 44 
0 0 0 0 1 0 0 3 0 0 4 0 0 6 0 5 39 
1 0 0 0 1 0 0 1 0 0 0 0 0 3 0 6 6 
0 0 0 0 1 0 0 1 0 0 0 0 0 2 0 5 4 
8 0 0 0 1 0 0 3 0 0 1 0 0 3 0 20 81 
1 0 0 0 1 0 0 13 0 0 7 0 0 64 0 6 216 
1 0 0 0 1 0 0 3 0 0 4 0 0 4 0 7 39 
0 0 0 0 0 0 0 2 0 0 2 0 0 0 0 2 9 
0 0 0 0 1 0 0 1 0 0 4 0 0 3 0 8 31 
2 0 0 0 1 0 0 1 0 0 3 0 0 14 0 5 55 
2 0 0 0 1 0 0 1 0 0 0 0 0 18 0 7 25 
2 0 0 0 1 0 0 1 0 0 3 0 0 2 0 6 15 
0 0 0 0 1 0 0 2 0 0 2 0 0 5 0 7 15 
0 0 0 0 1 0 0 1 0 0 0 0 0 4 0 5 7 
0 0 0 0 1 0 0 4 0 0 11 0 0 18 0 19 85 
302 0 0 0 0 0 0 153 0 0 1057 0 0 1814 0 454 4840 
0 0 0 0 1 0 0 1 0 0 1 0 0 4 0 7 9 
0 0 0 0 1 0 0 1 0 0 3 0 0 2 0 4 7 
0 0 0 0 1 0 0 1 0 0 0 0 0 4 0 8 13 
0 0 0 0 1 0 0 7 0 0 6 0 0 2 0 4 15 
1 0 0 0 1 0 0 1 0 0 4 0 0 3 0 7 11 
0 0 0 0 1 0 0 1 0 0 2 0 0 2 0 4 7 
0 0 0 0 1 0 0 6 0 0 3 0 0 20 0 40 38 
0 0 0 0 1 0 0 2 0 0 3 0 0 4 0 7 14 
0 0 0 0 1 0 0 1 0 0 1 0 0 8 0 6 48 
1 0 0 0 1 0 0 6 0 0 1 0 0 30 0 6 67 
0 0 0 0 1 0 0 7 0 0 13 0 0 21 0 12 70 
0 0 0 0 0 0 0 0 0 0 0 0 0 2 0 0 5 
1 0 0 0 1 0 0 9 0 0 2 0 0 6 0 6 23 
0 0 0 0 1 0 0 2 0 0 1 0 0 3 0 8 9 
0 0 0 0 1 0 0 1 0 0 0 0 0 7 0 9 48 
1 0 0 0 1 0 0 1 0 0 1 0 0 13 0 8 31 
0 0 0 0 1 0 0 1 0 0 0 0 0 2 0 4 3 
1 0 0 0 1 0 0 1 0 0 2 0 0 12 0 9 43 
3 0 0 0 1 0 0 1 0 0 2 0 0 20 0 20 69 
0 0 0 0 1 0 0 1 0 0 1 0 0 5 0 4 15 
0 0 0 0 1 0 0 1 0 0 1 0 0 5 0 4 14 
0 0 0 0 1 0 0 1 0 0 1 0 0 7 0 6 20 
22 0 0 0 1 0 0 1 0 0 6 0 0 49 0 31 124 
22 0 0 0 1 0 0 1 0 0 6 0 0 49 0 31 124 
16 0 0 0 1 0 0 35 0 0 0 0 0 35 0 20 85 
0 0 0 0 1 0 0 2 0 0 1 0 0 2 0 7 7 
1 0 0 0 1 0 0 3 0 0 0 0 0 3 0 5 9 
1 0 0 0 1 0 0 1 0 0 1 0 0 3 0 7 12 
1 0 0 0 1 0 0 2 0 0 1 0 0 4 0 5 10 
0 0 0 0 0 0 0 0 0 0 1 0 0 3 0 1 25 
2 0 0 0 1 0 0 10 0 0 0 0 0 33 0 9 58 
0 0 0 0 1 0 0 1 0 0 2 0 0 2 0 4 4 
0 0 0 0 1 0 0 2 0 0 1 0 0 3 0 7 10 
0 0 0 0 1 0 0 2 0 0 0 0 0 2 0 4 4 
0 0 0 0 1 0 0 13 0 0 8 0 0 28 0 56 124 
1 0 0 0 1 0 0 2 0 0 0 0 0 4 0 8 10 
0 0 0 0 1 0 0 1 0 0 0 0 0 3 0 7 9 
1 0 0 0 1 0 0 7 0 0 1 0 0 4 0 7 20 
0 0 0 0 1 0 0 2 0 0 2 0 0 6 0 4 12 
0 0 0 0 1 0 0 2 0 0 0 0 0 4 0 6 8 
0 0 0 0 1 0 0 1 0 0 1 0 0 2 0 7 11 
1 0 0 0 1 0 0 14 0 0 4 0 0 63 0 6 171 
2 0 0 0 1 0 0 199 0 0 128 0 0 69 0 6 208 
1 0 0 0 1 0 0 9 0 0 7 0 0 17 0 6 46 
0 0 0 0 1 0 0 2 0 0 0 0 0 5 0 6 9 
1 0 0 0 1 0 0 1 0 0 1 0 0 4 0 5 11 
0 0 0 0 1 0 0 2 0 0 0 0 0 4 0 6 12 
1 0 0 0 1 0 0 1 0 0 0 0 0 12 0 7 33 
0 0 0 0 1 0 0 1 0 0 1 0 0 4 0 6 14 
2 0 0 0 1 0 0 1 0 0 2 0 0 6 0 7 19 
1 0 0 0 1 0 0 1 0 0 2 0 0 5 0 6 17 
1 0 0 0 1 0 0 147 0 0 5 0 0 123 0 5 562 
0 0 0 0 0 0 0 104 0 0 1 0 0 1 0 1 229 
1 0 0 0 1 0 0 1 0 0 3 0 0 2 0 6 12 
0 0 0 0 1 0 0 1 0 0 2 0 0 4 0 6 18 
0 0 0 0 1 0 0 5 0 0 8 0 0 10 0 21 25 
0 0 0 0 1 0 0 5 0 0 8 0 0 10 0 21 24 
0 0 0 0 1 0 0 1 0 0 2 0 0 2 0 6 8 
0 0 0 0 1 0 0 1 0 0 2 0 0 2 0 6 8 
0 0 0 0 1 0 0 7 0 0 0 0 0 2 0 4 4 
0 0 0 0 1 0 0 1 0 0 0 0 0 4 0 12 62 
1 0 0 0 1 0 0 1 0 0 2 0 0 3 0 6 15 
0 0 0 0 1 0 0 1 0 0 0 0 0 3 0 5 4 
0 0 0 0 1 0 0 1 0 0 13 0 0 3 0 5 9 
0 0 0 0 1 0 0 3 0 0 8 0 0 7 0 6 34 
1 0 0 0 1 0 0 1 0 0 10 0 0 4 0 6 26 
1 0 0 0 1 0 0 1 0 0 10 0 0 4 0 6 27 
0 0 0 0 1 0 0 2 0 0 1 0 0 5 0 5 11 
1 0 0 0 1 0 0 1 0 0 4 0 0 4 0 6 8 
4 0 0 0 1 0 0 16 0 0 1 0 0 6 0 13 37 
0 0 0 0 1 0 0 3 0 0 3 0 0 5 0 6 17 
0 0 0 0 1 0 0 1 0 0 1 0 0 2 0 7 6 
0 0 0 0 1 0 0 1 0 0 1 0 0 2 0 4 5 
0 0 0 0 1 0 0 2 0 0 2 0 0 9 0 6 47 
0 0 0 0 1 0 0 2 0 0 2 0 0 3 0 7 8 
0 0 0 0 1 0 0 1 0 0 2 0 0 3 0 7 9 
0 0 0 0 1 0 0 96 0 0 65 0 0 38 0 32 617 
0 0 0 0 1 0 0 92 0 0 65 0 0 65 0 32 690 
3 0 0 0 1 0 0 5 0 0 6 0 0 7 0 7 34 
0 0 0 0 1 0 0 1 0 0 1 0 0 5 0 7 7 
0 0 0 0 1 0 0 1 0 0 1 0 0 2 0 7 13 
0 0 0 0 1 0 0 2 0 0 2 0 0 2 0 7 9 
0 0 0 0 1 0 0 5 0 0 4 0 0 4 0 13 26 
0 0 0 0 1 0 0 1 0 0 2 0 0 10 0 9 17 
0 0 0 0 1 0 0 2 0 0 0 0 0 5 0 6 11 
1 0 0 0 1 0 0 4 0 0 6 0 0 8 0 9 55 
1 0 0 0 1 0 0 14 0 0 0 0 0 7 0 6 35 
0 0 0 0 1 0 0 1 0 0 3 0 0 4 0 12 37 
1 0 0 0 1 0 0 2 0 0 1 0 0 4 0 8 15 
0 0 0 0 1 0 0 2 0 0 1 0 0 5 0 8 18 
2 0 0 0 1 0 0 1 0 0 12 0 0 8 0 7 13 
1 0 0 0 1 0 0 1 0 0 0 0 0 3 0 6 7 
0 0 0 0 1 0 0 2 0 0 0 0 0 3 0 4 4 
0 0 0 0 1 0 0 1 0 0 1 0 0 5 0 6 10 
0 0 0 0 1 0 0 1 0 0 1 0 0 2 0 7 7 
0 0 0 0 1 0 0 3 0 0 2 0 0 2 0 6 8 
2 0 0 0 1 0 0 1 0 0 2 0 0 4 0 8 61 
0 0 0 0 1 0 0 38 0 0 2 0 0 70 0 76 281 
1 0 0 0 1 0 0 84 0 0 0 0 0 272 0 6 215 
1 0 0 0 1 0 0 84 0 0 0 0 0 297 0 6 275 
1 0 0 0 1 0 0 14 0 0 1 0 0 14 0 6 96 
0 0 0 0 1 0 0 1 0 0 1 0 0 2 0 7 7 
0 0 0 0 1 0 0 531 0 0 0 0 0 527 0 4 2600 
0 0 0 0 1 0 0 1 0 0 2 0 0 14 0 5 31 
0 0 0 0 1 0 0 3 0 0 4 0 0 8 0 8 26 
1 0 0 0 1 0 0 2 0 0 2 0 0 3 0 8 18 
1 0 0 0 1 0 0 2 0 0 1 0 0 109 0 7 58 
0 0 0 0 0 0 0 0 0 0 0 0 0 1 0 1 3 
1 0 0 0 1 0 0 7 0 0 5 0 0 5 0 5 18 
1 0 0 0 1 0 0 1 0 0 1 0 0 4 0 11 17 
0 0 0 0 0 0 0 464 0 0 463 0 0 3240 0 1 7419 
0 0 0 0 1 0 0 1 0 0 0 0 0 8 0 17 27 
0 0 0 0 1 0 0 2 0 0 5 0 0 3 0 5 5 
0 0 0 0 1 0 0 1 0 0 8 0 0 10 0 21 14 
0 0 0 0 1 0 0 1 0 0 8 0 0 6 0 13 27 
0 0 0 0 1 0 0 5 0 0 2 0 0 8 0 6 19 
0 0 0 0 1 0 0 5 0 0 2 0 0 12 0 8 29 
0 0 0 0 1 0 0 2 0 0 8 0 0 30 0 8 124 
1 0 0 0 1 0 0 2 0 0 5 0 0 11 0 6 49 
0 0 0 0 1 0 0 1 0 0 2 0 0 6 0 6 28 
0 0 0 0 1 0 0 2 0 0 2 0 0 4 0 6 22 
1 0 0 0 1 0 0 1 0 0 8 0 0 4 0 7 11 
0 0 0 0 1 0 0 1 0 0 304 0 0 2 0 7 915 
0 0 0 0 1 0 0 3 0 0 0 0 0 2 0 5 9 
0 0 0 0 1 0 0 1 0 0 1 0 0 4 0 7 22 
0 0 0 0 1 0 0 2 0 0 9 0 0 13 0 5 70 
1 0 0 0 1 0 0 1 0 0 2 0 0 3 0 8 19 
0 0 0 0 1 0 0 1 0 0 7 0 0 3 0 4 6 
7 0 0 0 1 0 0 24 0 0 0 0 0 16 0 11 46 
0 0 0 0 1 0 0 1 0 0 0 0 0 20 0 23 58 
1 0 0 0 1 0 0 4 0 0 26 0 0 8 0 6 89 
0 0 0 0 1 0 0 121 0 0 0 0 0 2 0 100 52 
1 0 0 0 1 0 0 3 0 0 9 0 0 3 0 12 68 
0 0 0 0 1 0 0 3 0 0 8 0 0 2 0 13 24 
0 0 0 0 1 0 0 1 0 0 24 0 0 38 0 4 148 
0 0 0 0 1 0 0 2 0 0 2 0 0 3 0 5 6 
0 0 0 0 1 0 0 1 0 0 8 0 0 3 0 4 26 
4 0 0 0 1 0 0 11 0 0 0 0 0 6 0 16 56 
1 0 0 0 1 0 0 1 0 0 2 0 0 4 0 7 15 
2 0 0 0 1 0 0 2 0 0 2 0 0 7 0 7 24 
0 0 0 0 1 0 0 10 0 0 1 0 0 8 0 19 31 
0 0 0 0 1 0 0 1 0 0 4 0 0 5 0 12 65 
1 0 0 0 1 0 0 1 0 0 2 0 0 3 0 6 13 
0 0 0 0 0 0 0 0 0 0 0 0 0 0 0 0 1 
0 0 0 0 0 0 0 0 0 0 0 0 0 0 0 0 1 
0 0 0 0 0 0 0 0 0 0 0 0 0 0 0 0 1 
0 0 0 0 1 0 0 1 0 0 1 0 0 5 0 9 46 
0 0 0 0 1 0 0 2 0 0 1 0 0 3 0 4 11 
0 0 0 0 1 0 0 3 0 0 3 0 0 11 0 7 26 
0 0 0 0 1 0 0 1 0 2 4 0 0 34 0 29 83 
0 0 0 0 1 0 0 13 0 0 2 0 0 11 0 14 55 
1 0 0 0 1 0 0 4 0 0 2 0 0 7 0 6 20 
1 0 0 0 1 0 0 4 0 0 2 0 0 4 0 5 11 
11 0 0 0 1 0 0 13 0 0 12 0 0 36 0 49 225 
2 0 0 0 1 0 0 1 0 0 1 0 0 5 0 7 19 
0 0 0 0 1 0 0 1 0 0 0 0 0 3 0 7 7 
0 0 0 0 1 0 0 2 0 0 255 0 0 258 0 4 1279 
0 0 0 0 1 0 0 1 0 0 0 0 0 2 0 5 4 
0 0 0 0 1 0 0 1 0 0 0 0 0 2 0 5 3 
0 0 0 0 0 0 0 0 0 0 1 0 0 0 0 1 5 
0 0 0 0 1 0 0 5 0 0 4 0 0 5 0 5 32 
0 0 0 0 1 0 0 2 0 0 1 0 0 4 0 6 16 
0 0 0 0 1 0 0 9 0 0 0 0 0 2 0 6 39 
0 0 0 0 0 0 0 0 0 0 0 0 0 1 0 1 2 
0 0 0 0 0 0 0 0 0 0 1 0 0 3144 0 2 6289 
0 0 0 0 1 0 0 2 0 0 4 0 0 14 0 4 86 
2 0 0 0 1 0 0 2 0 0 0 0 0 5 0 7 9 
6 0 0 0 1 0 0 3 0 0 16 0 0 16 0 28 128 
1 0 0 0 1 0 0 1 0 0 3 0 0 3 0 6 20 
1 0 0 0 1 0 0 3 0 0 0 0 0 3 0 6 12 
0 0 0 0 1 0 0 1 0 0 2 0 0 2 0 4 7 
0 0 0 0 1 0 0 69 0 0 0 0 0 130 0 4 132 
1 0 0 0 1 0 0 517 0 0 6 0 0 272 0 10 1836 
2 0 0 0 1 0 0 1 0 0 3 0 0 5 0 6 25 
1 0 0 0 1 0 0 1 0 0 2 0 0 3 0 6 20 
0 0 0 0 1 0 0 1 0 0 0 0 0 4 0 7 13 
0 0 0 0 1 0 0 1 0 0 3 0 0 6 0 8 29 
0 0 0 0 1 0 0 1 0 0 0 0 0 8 0 11 23 
0 0 0 0 1 0 0 1 0 0 2 0 0 2 0 7 8 
1 0 0 0 1 0 0 11 0 0 8 0 0 15 0 5 75 
0 0 0 0 1 0 0 4 0 0 0 0 0 3 0 6 8 
0 0 0 0 1 0 0 2 0 0 1 0 0 3 0 6 13 
0 0 0 0 8 0 0 3 0 0 3 0 0 11 0 6 34 
0 0 0 0 1 0 0 1 0 0 4 0 0 5 0 8 18 
4 0 0 0 1 0 0 4 0 0 12 0 0 25 0 8 112 
420 0 0 0 0 0 0 630 0 0 421 0 0 421 0 632 5261 
1 0 0 0 1 0 0 54 0 0 19 0 0 37 0 23 170 
0 0 0 0 1 0 0 15 0 0 12 0 0 6 0 17 37 
2 0 0 0 1 0 0 1 0 0 0 0 0 12 0 10 48 
0 0 0 0 1 0 0 11 0 0 0 0 0 18 0 4 61 
4 0 0 0 1 0 0 1 0 0 6 0 0 14 0 8 45 
0 0 0 0 1 0 0 2 0 0 0 0 0 3 0 7 7 
0 0 0 0 1 0 0 43 0 0 0 0 0 22 0 44 144 
0 0 0 0 1 0 0 83 0 0 0 0 0 82 0 84 364 
0 0 0 0 1 0 0 5 0 0 5 0 0 12 0 11 66 
0 0 0 0 1 0 0 1 0 0 1 0 0 6 0 5 10 
3 0 0 0 1 0 0 1 0 0 0 0 0 9 0 9 56 
0 0 0 0 1 0 0 1 0 0 0 0 0 4 0 7 8 
2 0 0 0 2 0 0 528 0 0 23 0 0 8 0 14 873 
4 0 0 0 1 0 0 27 0 0 7 0 0 42 0 12 191 
2 0 0 0 1 0 0 13 0 0 2 0 0 14 0 7 62 
0 0 0 0 1 0 0 1 0 0 0 0 0 2 0 5 5 
1 0 0 0 0 0 0 1457 0 0 0 0 0 2696 0 2 3526 
1 0 0 0 1 0 0 1 0 0 0 0 0 4 0 9 16 
1 0 0 0 1 0 0 5 0 0 4 0 0 25 0 23 62 
0 0 0 0 1 0 0 1 0 0 0 0 0 7 0 8 16 
0 0 0 0 1 0 0 1 0 0 0 0 0 7 0 8 16 
1 0 0 0 1 0 0 1 0 0 5 0 0 3 0 6 9 
0 0 0 0 1 0 0 1 0 0 3 0 0 3 0 5 6 
0 0 0 0 1 0 0 2 0 0 0 0 0 7 0 7 18 
0 0 0 0 1 0 0 4 0 0 0 0 0 4 0 4 18 
0 0 0 0 1 0 0 1 0 0 3 0 0 3 0 5 6 
4 0 0 0 1 0 0 2 0 0 0 0 0 13 0 9 26 
0 0 0 0 1 0 0 3 0 0 0 0 0 2 0 4 7 
0 0 0 0 1 0 0 3 0 0 34 0 0 2 0 4 19 
0 0 0 0 1 0 0 1 0 0 4 0 0 4 0 7 35 
0 0 0 0 1 0 0 1 0 0 6 0 0 8 0 17 27 
3 0 0 0 1 0 0 5 0 0 9 0 0 11 0 8 70 
0 0 0 0 1 0 0 4 0 0 2 0 0 26 0 5 60 
0 0 0 0 1 0 0 9 0 0 2 0 0 6 0 4 49 
0 0 0 0 1 0 0 5 0 0 2 0 0 7 0 5 13 
0 0 0 0 1 0 0 1 0 0 2 0 0 2 0 5 4 
100 0 0 0 1 0 0 103 0 0 100 0 0 202 0 404 1504 
0 0 0 0 0 0 0 0 0 0 1 0 0 1 0 0 4 
0 0 0 0 1 0 0 1 0 0 0 0 0 3 0 6 9 
4 0 0 0 1 0 0 1 0 0 0 0 0 12 0 12 70 
0 0 0 0 1 0 0 1 0 0 2 0 0 6 0 13 23 
0 0 0 0 1 0 0 1 0 0 8 0 0 12 0 9 52 
0 0 0 0 0 0 0 1087 0 0 0 0 0 0 0 0 7601 
0 0 0 0 0 0 0 1081 0 0 0 0 0 0 0 0 7555 
4 0 0 0 1 0 0 2 0 0 14 0 0 30 0 20 184 
2 0 0 0 1 0 0 311 0 0 8 0 0 57 0 9 2269 
0 0 0 0 1 0 0 1 0 0 0 0 0 9 0 6 46 
0 0 0 0 1 0 0 1 0 0 0 0 0 3 0 5 6 
0 0 0 0 1 0 0 2 0 0 2 0 0 2 0 4 8 
1 0 0 0 1 0 0 3 0 0 6 0 0 20 0 6 59 
2 0 0 0 1 0 0 1 0 0 8 0 0 2 0 9 15 
2 0 0 0 1 0 0 1 0 0 8 0 0 2 0 9 15 
1 0 0 0 1 0 0 1 0 0 1 0 0 7 0 6 10 
1 0 0 0 1 0 0 7 0 0 6 0 0 3 0 6 21 
1 0 0 0 1 0 0 6 0 0 0 0 0 9 0 6 26 
48 0 0 0 1 0 0 7 0 0 86 0 0 1100 0 100 2659 
48 0 0 0 1 0 0 7 0 0 470 0 0 2460 0 164 2843 
1 0 0 0 1 0 0 1 0 0 4 0 0 13 0 6 35 
0 0 0 0 1 0 0 2 0 0 3 0 0 32 0 8 106 
0 0 0 0 1 0 0 4 0 0 0 0 0 5 0 5 11 
0 0 0 0 1 0 0 4 0 0 6 0 0 3 0 6 41 
0 0 0 0 1 0 0 1 0 0 0 0 0 14 0 14 28 
2 0 0 0 1 0 0 1 0 0 20 0 0 7 0 9 22 
0 0 0 0 1 0 0 3 0 0 3 0 0 2 0 4 6 
251 0 0 0 1 0 0 503 0 0 0 0 0 506 0 256 1765 
0 0 0 0 1 0 0 1 0 0 3 0 0 10 0 4 51 
4 0 0 0 26 0 0 9 0 0 14 0 0 32 0 8 173 
0 0 0 0 1 0 0 1 0 0 0 0 0 3 0 4 8 
0 0 0 0 1 0 0 1 0 0 2 0 0 5 0 6 25 
1 0 0 0 0 0 0 1392 0 0 730 0 0 730 0 2 4533 
0 0 0 0 0 0 0 899 0 0 380 0 0 0 0 0 4867 
4 0 0 0 1 0 0 1 0 0 0 0 0 14 0 9 23 
2 0 0 0 1 0 0 1 0 0 0 0 0 24 0 7 56 
2 0 0 0 1 0 0 2 0 0 2 0 0 5 0 11 33 
0 0 0 0 1 0 0 1 0 0 1 0 0 4 0 5 25 
2 0 0 0 1 0 0 1 0 0 2 0 0 4 0 6 40 
0 0 0 0 1 0 0 1 0 0 0 0 0 5 0 4 14 
0 0 0 0 1 0 0 2 0 0 1 0 0 5 0 5 12 
0 0 0 0 1 0 0 2 0 0 0 0 0 45 0 46 347 
0 0 0 0 1 0 0 1 0 0 4 0 0 4 0 5 18 
1 0 0 0 1 0 0 4 0 0 5 0 0 4 0 5 17 
1 0 0 0 1 0 0 4 0 0 7 0 0 4 0 5 17 
1 0 0 0 1 0 0 4 0 0 7 0 0 4 0 5 20 
1 0 0 0 1 0 0 4 0 0 11 0 0 5 0 5 20 
0 0 0 0 1 0 0 1 0 0 2 0 0 3 0 5 11 
0 0 0 0 1 0 0 1 0 0 4 0 0 10 0 13 19 
0 0 0 0 1 0 0 3 0 0 4 0 0 4 0 7 20 
0 0 0 0 1 0 0 6 0 0 5 0 0 13 0 8 40 
0 0 0 0 1 0 0 3 0 0 7 0 0 3 0 5 17 
0 0 0 0 1 0 0 24 0 0 18 0 0 85 0 4 254 
0 0 0 0 1 0 0 4 0 0 2 0 0 6 0 7 28 
0 0 0 0 0 0 0 78 0 0 0 0 0 2027 0 676 4059 
1 0 0 0 1 0 0 5 0 0 12 0 0 5 0 9 62 
2 0 0 0 1 0 0 8 0 0 15 0 0 5 0 9 79 
0 0 0 0 1 0 0 3 0 0 1 0 0 4 0 7 10 
0 0 0 0 1 0 0 2 0 0 4 0 0 3 0 7 28 
0 0 0 0 1 0 0 1 0 0 3 0 0 5 0 8 9 
0 0 0 0 1 0 0 2 0 0 1 0 0 2 0 4 7 
1 0 0 0 1 0 0 9 0 0 24 0 0 27 0 22 198 
0 0 0 0 1 0 0 7 0 0 8 0 0 5 0 4 22 
0 0 0 0 1 0 0 1 0 0 1 0 0 2 0 5 5 
0 0 0 0 1 0 0 1 0 0 6 0 0 11 0 5 13 
0 0 0 0 1 0 0 2 0 0 0 0 0 3 0 6 9 
4 0 0 0 1 0 0 47 0 0 18 0 0 19 0 6 71 
0 0 0 0 1 0 0 62 0 0 37 0 0 38 0 7 85 
0 0 0 0 1 0 0 1 0 0 2 0 0 6 0 6 29 
0 0 0 0 1 0 0 3 0 0 0 0 0 3 0 6 13 
0 0 0 0 1 0 0 45 0 0 46 0 0 89 0 7 152 
0 0 0 0 1 0 0 1 0 0 2 0 0 3 0 7 12 
0 0 0 0 1 0 0 9 0 0 21 0 0 7 0 6 51 
0 0 0 0 1 0 0 2 0 0 4 0 0 3 0 7 11 
0 0 0 0 1 0 0 1 0 0 2 0 0 4 0 6 37 
0 0 0 0 1 0 0 1 0 0 2 0 0 2 0 4 11 
0 0 0 0 1 0 0 3 0 0 2 0 0 3 0 7 8 
0 0 0 0 1 0 0 3 0 0 1 0 0 3 0 4 12 
16 0 0 0 1 0 0 37 0 0 44 0 0 69 0 27 305 
0 0 0 0 1 0 0 144 0 0 2 0 0 234 0 68 646 
0 0 0 0 1 0 0 496 0 0 39 0 0 1408 0 5 1943 
0 0 0 0 1 0 0 1 0 0 4 0 0 2 0 5 5 
0 0 0 0 1 0 0 3 0 0 0 0 0 4 0 4 6 
1 0 0 0 1 0 0 101 0 0 98 0 0 306 0 6 845 
0 0 0 0 1 0 0 1 0 0 3 0 0 3 0 6 14 
0 0 0 0 1 0 0 2 0 0 3 0 0 4 0 19 22 
0 0 0 0 1 0 0 1 0 0 4 0 0 4 0 5 15 
2 0 0 0 13 0 0 1 0 0 2 0 0 6 0 7 28 
0 0 0 0 1 0 0 1 0 0 0 0 0 3 0 7 6 
0 0 0 0 1 0 0 1 0 0 1 0 0 2 0 4 18 
0 0 0 0 1 0 0 1 0 0 6 0 0 3 0 7 12 
0 0 0 0 1 0 0 1 0 0 0 0 0 5 0 7 14 
0 0 0 0 1 0 0 1 0 0 17 0 0 2 0 10 61 
0 0 0 0 1 0 0 1 0 0 5 0 0 3 0 7 11 
0 0 0 0 1 0 0 1 0 0 5 0 0 3 0 7 11 
0 0 0 0 1 0 0 1 0 0 1 0 0 3 0 5 7 
0 0 0 0 1 0 0 1 0 1 3 0 0 5 0 10 40 
0 0 0 0 1 0 0 1 0 0 3 0 0 2 0 4 13 
6 0 0 0 1 0 0 7 0 0 6 0 0 12 0 12 49 
0 0 0 0 1 0 0 15 0 0 12 0 0 52 0 4 162 
0 0 0 0 1 0 0 260 257 0 0 0 0 259 0 4 518 
0 0 0 0 1 0 0 2 0 0 10 0 0 5 0 6 20 
0 0 0 0 1 0 0 2 0 0 2 0 0 10 0 13 48 
0 0 0 0 1 0 0 9 0 0 83 0 0 10 0 41 201 
54 0 0 0 0 0 0 2577 0 0 0 0 0 381 0 762 3050 
0 0 0 0 1 0 0 3 0 0 1 0 0 3 0 4 18 
0 0 0 0 1 0 0 1 0 0 6 0 0 5 0 5 26 
0 0 0 0 1 0 0 17 0 0 18 0 0 27 0 5 86 
1 0 0 0 1 0 0 4 0 0 0 0 0 5 0 7 16 
1 0 0 0 1 0 0 4 0 0 5 0 0 3 0 7 21 
1 0 0 0 1 0 0 59 0 0 58 0 0 3 0 5 75 
0 0 0 0 1 0 0 1 0 0 2 0 0 4 0 8 18 
1 0 0 0 1 0 0 6 0 0 6 0 0 6 0 6 24 
0 0 0 0 1 0 0 19 0 0 160 0 0 34 0 68 228 
2 0 0 0 1 0 0 22 0 0 3 0 0 34 0 6 161 
0 0 0 0 1 0 0 1 0 0 1 0 0 2 0 6 8 
0 0 0 0 1 0 0 2 0 0 1 0 0 2 0 4 9 
1 0 0 0 1 0 0 1 0 0 3 0 0 6 0 6 30 
0 0 0 0 1 0 0 1 0 0 13 0 0 4 0 9 31 
0 0 0 0 1 0 0 1 0 0 24 0 0 7 0 18 54 
0 0 0 0 1 0 0 1 0 0 33 0 0 6 0 15 72 
0 0 0 0 1 0 0 1 0 0 18 0 0 4 0 9 33 
0 0 0 0 1 0 0 1 0 0 8 0 0 12 0 8 25 
0 0 0 0 1 0 0 21 0 0 19 0 0 33 0 4 70 
2 0 0 0 1 0 0 1 0 0 5 0 0 22 0 6 129 
2 0 0 0 1 0 0 397 0 0 130 0 0 1282 0 8 2643 
0 0 0 0 1 0 0 121 0 0 0 0 0 767 0 224 1539 
0 0 0 0 1 0 0 43 0 0 0 0 0 233 0 64 445 
2 0 0 0 1 0 0 1 0 0 4 0 0 6 0 13 92 
2 0 0 0 1 0 0 1 0 0 4 0 0 5 0 7 34 
2 0 0 0 1 0 0 1 0 0 7 0 0 11 0 9 50 
0 0 0 0 1 0 0 4 0 0 4 0 0 3 0 4 9 
1 0 0 0 1 0 0 21 0 0 0 0 0 10 0 6 45 
1 0 0 0 1 0 0 1 0 0 4 0 0 5 0 8 23 
0 0 0 0 1 0 0 2 0 0 1 0 0 3 0 4 7 
0 0 0 0 1 0 0 2 0 0 0 0 0 4 0 9 11 
1 0 0 0 1 0 0 8 0 0 11 0 0 3 0 13 83 
1 0 0 0 1 0 0 2 0 0 1 0 0 10 0 6 32 
0 0 0 0 1 0 0 7 0 0 3 0 0 4 0 6 16 
0 0 0 0 1 0 0 1 0 0 1 0 0 3 0 7 9 
0 0 0 0 1 0 0 1 0 0 0 0 0 3 0 7 5 
1 0 0 0 1 0 0 1 0 0 2 0 0 4 0 5 15 
1 0 0 0 1 0 0 1 0 0 4 0 0 4 0 4 12 
1 0 0 0 1 0 0 8 0 0 6 0 0 8 0 6 21 
2 0 0 0 1 0 0 10 0 0 9 0 0 8 0 7 28 
0 0 0 0 1 0 0 7 0 0 12 0 0 12 0 6 39 
0 0 0 0 1 0 0 2 0 0 3 0 0 6 0 8 17 
0 0 0 0 1 0 0 6 0 0 7 0 0 4 0 4 16 
0 0 0 0 1 0 0 31 0 0 4 0 0 22 0 53 99 
0 0 0 0 1 0 0 3 0 0 5 0 0 5 0 5 22 
0 0 0 0 1 0 0 2 0 0 1 0 0 6 0 6 25 
12 0 0 0 0 0 0 21 0 0 1207 0 0 2409 0 21 2578 
0 0 0 0 1 0 0 149 0 0 0 0 0 51 0 6 588 
0 0 0 0 1 0 0 2 0 0 6 0 0 12 0 7 36 
0 0 0 0 1 0 0 1 0 0 3 0 0 4 0 8 9 
0 0 0 0 1 0 0 71 0 0 2 0 0 105 0 36 325 
0 0 0 0 1 0 0 9 0 0 1 0 0 11 0 4 28 
0 0 0 0 1 0 0 1 0 0 1 0 0 3 0 5 21 
0 0 0 0 0 0 0 0 0 0 1 0 0 0 0 3 12 
0 0 0 0 1 0 0 2 0 0 3 0 0 3 0 4 19 
0 0 0 0 1 0 0 2 0 0 2 0 0 6 0 5 17 
0 0 0 0 1 0 0 8 0 0 4 0 0 20 0 4 16 
0 0 0 0 1 0 0 39 0 0 9 0 0 40 0 22 140 
0 0 0 0 1 0 0 1 0 0 2 0 0 4 0 7 10 
0 0 0 0 1 0 0 1 0 0 1 0 0 12 0 6 35 
7 0 0 0 13 0 0 151 0 0 79 0 0 272 0 84 816 
1 0 0 0 1 0 0 5 0 0 6 0 0 8 0 6 30 
1 0 0 0 1 0 0 4 0 0 4 0 0 5 0 5 18 
0 0 0 0 1 0 0 1 0 0 0 0 0 2 0 5 3 
2 0 0 0 1 0 0 1 0 0 0 0 0 4 0 8 19 
0 0 0 0 1 0 0 1 0 0 1 0 0 4 0 11 30 
0 0 0 0 1 0 0 1 0 0 0 0 0 4 0 9 15 
4 0 0 0 1 0 0 1 0 0 0 0 0 9 0 9 25 
2 0 0 0 1 0 0 2 0 0 7 0 0 5 0 10 32 
0 0 0 0 1 0 0 4 0 0 1 0 0 5 0 21 54 
0 0 0 0 1 0 0 3 0 0 96 0 0 3 0 4 89 
0 0 0 0 1 0 0 1 0 0 4 0 0 7 0 5 113 
0 0 0 0 1 0 0 205 0 0 100 0 0 802 0 9 1911 
0 0 0 0 1 0 0 3 0 0 1 0 0 2 0 4 5 
0 0 0 0 1 0 0 22 0 0 13 0 0 5 0 4 23 
1 0 0 0 1 0 0 3 0 0 5 0 0 4 0 6 14 
0 0 0 0 1 0 0 1 0 0 2 0 0 3 0 6 18 
0 0 0 0 1 0 0 1 0 0 2 0 0 3 0 6 18 
1 0 0 0 1 0 0 3 0 0 6 0 0 8 0 6 45 
0 0 0 0 1 0 0 1 0 0 2 0 0 2 0 4 8 
0 0 0 0 1 0 0 1 0 0 1 0 0 3 0 6 10 
0 0 0 0 1 0 0 3 0 0 2 0 0 2 0 9 20 
0 0 0 0 1 0 0 434 0 0 135 0 0 69 0 5 141 
0 0 0 0 0 0 0 0 0 0 1 0 0 2 0 1 15 
1 0 0 0 1 0 0 1 0 0 11 0 0 2 0 7 27 
0 0 0 0 1 0 0 1 0 0 0 0 0 3 0 6 11 
1 0 0 0 1 0 0 1 0 0 3 0 0 2 0 7 7 
1 0 0 0 1 0 0 1 0 0 1 0 0 2 0 7 7 
0 0 0 0 1 0 0 1 0 0 3 0 0 3 0 6 18 
0 0 0 0 1 0 0 3 0 0 1 0 0 2 0 10 29 
1 0 0 0 1 0 0 1 0 0 2 0 0 3 0 6 15 
0 0 0 0 1 0 0 4 0 0 5 0 0 7 0 15 31 
0 0 0 0 0 0 0 2 0 0 1 0 0 1 0 1 20 
0 0 0 0 1 0 0 339 0 0 408 0 0 200 0 17 1221 
0 0 0 0 1 0 0 9 0 0 9 0 0 5 0 23 45 
1 0 0 0 1 0 0 1 0 0 0 0 0 7 0 7 10 
0 0 0 0 1 0 0 1 0 0 4 0 0 6 0 9 37 
1 0 0 0 1 0 0 54 0 0 53 0 0 2 0 4 156 
0 0 0 0 1 0 0 1 0 0 1 0 0 2 0 5 7 
0 0 0 0 1 0 0 1 0 0 0 0 0 6 0 13 23 
0 0 0 0 0 0 0 2 0 0 0 0 0 0 0 0 5 
0 0 0 0 1 0 0 1 0 0 2 0 0 8 0 4 37 
2 0 0 0 1 0 0 197 0 0 130 0 0 132 0 8 656 
0 0 0 0 1 0 0 1 0 0 0 0 0 7 0 6 20 
0 0 0 0 1 0 0 2 0 0 1 0 0 11 0 6 20 
1 0 0 0 1 0 0 13 0 0 37 0 0 22 0 7 80 
2 0 0 0 1 0 0 1 0 0 54 0 0 7 0 9 38 
7 0 0 0 57 0 0 15 0 0 0 0 0 59 0 24 192 
12 0 0 0 1 0 0 30 0 0 12 0 0 331 0 20 623 
0 0 0 0 1 0 0 1 0 0 2 0 0 2 0 9 14 
0 0 0 0 1 0 0 1 0 0 19 0 0 20 0 4 15 
0 0 0 0 1 0 0 1 0 0 3 0 0 8 0 7 25 
1 0 0 0 1 0 0 1 0 0 1 0 0 10 0 7 9 
1 0 0 0 1 0 0 1 0 0 5 0 0 4 0 7 9 
1 0 0 0 1 0 0 3 0 0 5 0 0 5 0 7 20 
2 0 0 0 1 0 0 15 0 0 4 0 0 14 0 14 68 
0 0 0 0 1 0 0 1 0 0 0 0 0 214 0 6 279 
1 0 0 0 1 0 0 1 0 0 8 0 0 3 0 7 12 
0 0 0 0 1 0 0 1 0 0 4 0 0 3 0 5 19 
0 0 0 0 1 0 0 1 0 0 2 0 0 3 0 6 25 
0 0 0 0 1 0 0 1 0 0 3 0 0 17 0 22 88 
1 0 0 0 1 0 0 1 0 0 6 0 0 14 0 6 41 
0 0 0 0 0 0 0 0 0 0 0 0 0 0 0 0 1 
0 0 0 0 0 0 0 0 0 0 2 0 0 1 0 1 20 
1 0 0 0 1 0 0 1 0 0 3 0 0 3 0 8 21 
1 0 0 0 1 0 0 1 0 0 3 0 0 5 0 8 21 
0 0 0 0 1 0 0 1 0 0 0 0 0 6 0 6 15 
0 0 0 0 1 0 0 1 0 0 10 0 0 18 0 24 87 
0 0 0 0 1 0 0 1 0 0 0 0 0 2 0 5 3 
0 0 0 0 1 0 0 1 0 0 9 0 0 2 0 5 30 
0 0 0 0 0 0 0 0 0 0 0 0 0 0 0 0 0 
0 0 0 0 1 0 0 1 0 0 0 0 0 2 0 5 3 
0 0 0 0 1 0 0 1 0 0 57 0 0 2 0 5 174 
0 0 0 0 1 0 0 1 0 0 57 0 0 2 0 5 174 
0 0 0 0 1 0 0 1 0 0 0 0 0 2 0 5 3 
0 0 0 0 1 0 0 1 0 0 27 0 0 2 0 5 84 
0 0 0 0 6 0 0 0 0 0 2 0 0 2 0 0 15 
0 0 0 0 1 0 0 1 0 0 0 0 0 2 0 5 3 
0 0 0 0 1 0 0 9 0 0 0 0 0 2 0 4 4 
0 0 0 0 1 0 0 1 0 21 36 0 0 170 0 197 1179 
0 0 0 0 1 0 0 1 0 12 120 0 0 122 0 197 1197 
0 0 0 0 1 0 0 1 0 12 120 0 0 122 0 197 1197 
0 0 0 0 1 0 0 1 0 12 120 0 0 122 0 197 1197 
0 0 0 0 1 0 0 1 0 12 62 0 0 15 0 42 239 
0 0 0 0 1 0 0 1 0 12 192 0 0 122 0 197 1227 
0 0 0 0 1 0 0 1 0 12 192 0 0 122 0 197 1227 
0 0 0 0 1 0 0 309 0 0 102 0 0 644 0 6 1470 
0 0 0 0 1 0 0 73 0 0 22 0 0 220 0 130 571 
0 0 0 0 1 0 0 129 0 0 2 0 0 114 0 4 350 
1 0 0 0 1 0 0 1 0 0 0 0 0 4 0 5 6 
1 0 0 0 1 0 0 1 0 0 4 0 0 3 0 6 33 
4 0 0 0 1 0 0 1 0 0 0 0 0 2 0 13 15 
8 0 0 0 1 0 0 1 0 0 0 0 0 50 0 12 168 
8 0 0 0 1 0 0 1 0 0 6 0 0 51 0 12 150 
0 0 0 0 1 0 0 2 0 0 2 0 0 3 0 6 15 
3 0 0 0 1 0 0 1 0 0 20 0 0 13 0 9 74 
0 0 0 0 1 0 0 1 0 0 10 0 0 10 0 6 30 
17 0 0 0 1 0 0 21 0 0 27 0 0 76 0 21 373 
18 0 0 0 1 0 0 15 0 0 31 0 0 71 0 22 415 
19 0 0 0 1 0 0 43 0 0 72 0 0 127 0 32 843 
4 0 0 0 1 0 0 31 0 0 28 0 0 119 0 23 638 
1 0 0 0 1 0 0 14 0 0 59 0 0 45 0 49 244 
135 0 0 0 0 0 0 1059 0 0 0 0 0 632 0 135 4359 
0 0 0 0 0 0 0 1545 0 0 7 0 0 1635 0 0 3746 
1 0 0 0 1 0 0 10 0 0 2 0 0 17 0 6 34 
0 0 0 0 1 0 0 2 0 0 2 0 0 3 0 6 13 
0 0 0 0 1 0 0 1 0 0 1 0 0 2 0 4 11 
0 0 0 0 1 0 0 5 0 0 1 0 0 8 0 6 28 
0 0 0 0 1 0 0 1 0 0 0 0 0 4 0 8 10 
1 0 0 0 1 0 0 9 0 0 10 0 0 49 0 5 80 
1 0 0 0 1 0 0 4 0 0 3 0 0 16 0 5 53 
1 0 0 0 1 0 0 1 0 0 3 0 0 7 0 8 41 
7 0 0 0 1 0 0 1 0 0 2 0 0 11 0 14 41 
0 0 0 0 1 0 0 3 0 0 24 0 0 59 0 4 198 
0 0 0 0 0 0 0 1584 0 0 0 0 0 1107 0 0 5242 
167 0 0 0 0 0 0 755 0 0 0 0 0 426 0 168 3944 
0 0 0 0 1 0 0 1 0 0 2 0 0 4 0 6 23 
1 0 0 0 1 0 0 1 0 0 0 0 0 6 0 7 21 
0 0 0 0 1 0 0 1 0 0 0 0 0 5 0 4 6 
0 0 0 0 1 0 0 1 0 0 3 0 0 5 0 4 4 
0 0 0 0 1 0 0 1 0 0 5 0 0 2 0 4 4 
0 0 0 0 1 0 0 1 0 0 0 0 0 3 0 4 4 
0 0 0 0 0 0 0 0 0 0 4 0 0 6 0 8 85 
0 0 0 0 1 0 0 1 0 0 0 0 0 4 0 8 10 
0 0 0 0 1 0 0 80 0 0 0 0 0 259 0 138 473 
0 0 0 0 1 0 0 37 0 0 0 0 0 38 0 76 165 
0 0 0 0 1 0 0 1 0 0 0 0 0 18 0 20 59 
1 0 0 0 1 0 0 1 0 0 4 0 0 9 0 5 40 
32 0 0 0 1 0 0 319 0 0 384 0 0 990 0 366 4857 
0 0 0 0 1 0 0 12 0 0 4 0 0 14 0 5 45 
1 0 0 0 1 0 0 4 0 0 3 0 0 7 0 5 35 
3 0 0 0 1 0 0 3 0 0 3 0 0 14 0 7 61 
1 0 0 0 1 0 0 8 0 0 4 0 0 29 0 5 127 
1 0 0 0 1 0 0 42 0 0 39 0 0 58 0 5 178 
1 0 0 0 1 0 0 18 0 0 3 0 0 26 0 5 77 
1 0 0 0 1 0 0 18 0 0 3 0 0 30 0 5 81 
1 0 0 0 1 0 0 4 0 0 3 0 0 17 0 5 44 
1 0 0 0 1 0 0 6 0 0 3 0 0 32 0 5 80 
16 0 0 0 1 0 0 152 0 0 200 0 0 535 0 214 2222 
2 0 0 0 1 0 0 2 0 0 3 0 0 6 0 6 39 
0 0 0 0 0 0 0 0 0 0 2 0 0 1 0 1 14 
301 0 0 0 0 0 0 695 0 0 578 0 0 1263 0 302 5191 
1 0 0 0 1 0 0 1 0 0 3 0 0 6 0 5 31 
20 0 0 0 1 0 0 221 0 0 31 0 0 346 0 24 1240 
0 0 0 0 1 0 0 3 0 0 3 0 0 6 0 5 27 
1 0 0 0 1 0 0 4 0 0 4 0 0 18 0 5 44 
2 0 0 0 1 0 0 13 0 0 10 0 0 21 0 6 85 
1 0 0 0 1 0 0 9 0 0 4 0 0 32 0 5 88 
32 0 0 0 1 0 0 152 0 0 200 0 0 552 0 230 2835 
5 0 0 0 1 0 0 25 0 0 29 0 0 68 0 25 303 
0 0 0 0 1 0 0 1 0 0 1 0 0 3 0 6 18 
0 0 0 0 1 0 0 17 0 0 2 0 0 31 0 4 74 
0 0 0 0 1 0 0 1 0 0 2 0 0 4 0 4 21 
0 0 0 0 1 0 0 1 0 0 2 0 0 4 0 4 21 
0 0 0 0 0 0 0 0 0 0 2 0 0 1 0 1 25 
0 0 0 0 0 0 0 0 0 0 2 0 0 1 0 1 25 
0 0 0 0 1 0 0 1 0 0 0 0 0 4 0 7 8 
0 0 0 0 0 0 0 192 0 0 193 0 0 2895 0 0 5983 
0 0 0 0 0 0 0 0 0 0 2 0 0 1 0 1 23 
0 0 0 0 0 0 0 0 0 0 2 0 0 2 0 2 32 
0 0 0 0 1 0 0 2 0 0 1 0 0 2 0 6 10 
0 0 0 0 1 0 0 2 0 0 2 0 0 3 0 6 11 
0 0 0 0 1 0 0 3 0 0 2 0 0 3 0 6 11 
1 0 0 0 1 0 0 1 0 0 0 0 0 3 0 5 10 
1 0 0 0 1 0 0 1 0 0 1 0 0 4 0 5 15 
2 0 0 0 1 0 0 3 0 0 0 0 0 8 0 6 21 
1 0 0 0 1 0 0 1 0 0 7 0 0 2 0 7 9 
0 0 0 0 1 0 0 1 0 0 1 0 0 4 0 4 6 
0 0 0 0 1 0 0 1 0 0 0 0 0 2 0 4 3 
0 0 0 0 1 0 0 1 0 0 1 0 0 5 0 4 7 
1 0 0 0 1 0 0 1 0 0 1 0 0 3 0 6 12 
0 0 0 0 1 0 0 1 0 0 0 0 0 2 0 5 3 
1 0 0 0 1 0 0 1 0 0 0 0 0 8 0 7 15 
1 0 0 0 1 0 0 1 0 0 0 0 0 4 0 6 8 
